   68  FALSE
   WVL(um)         K         N        nmon    a   df      rmon   xv  ang
  500.0000   0.01934   2.13302   2.647e+10 1.00 2.40   0.05000  1.0  0.0
  142.8571   0.16995   2.02765   2.647e+10 1.00 2.40   0.05000  1.0  0.0
   76.9231   0.20316   1.91941   2.647e+10 1.00 2.40   0.05000  1.0  0.0
   52.6316   0.18235   1.85204   2.647e+10 1.00 2.40   0.05000  1.0  0.0
   40.0000   0.15753   1.81951   2.647e+10 1.00 2.40   0.05000  1.0  0.0
   32.7869   0.14378   1.80993   2.647e+10 1.00 2.40   0.05000  1.0  0.0
   28.1690   0.15256   1.80686   2.647e+10 1.00 2.40   0.05000  1.0  0.0
   24.3902   0.16964   1.80259   2.647e+10 1.00 2.40   0.05000  1.0  0.0
   21.3904   0.18576   1.79199   2.647e+10 1.00 2.40   0.05000  1.0  0.0
   19.2308   0.20220   1.77040   2.647e+10 1.00 2.40   0.05000  1.0  0.0
   17.2117   0.20310   1.73131   2.647e+10 1.00 2.40   0.05000  1.0  0.0
   15.5763   0.18416   1.69478   2.647e+10 1.00 2.40   0.05000  1.0  0.0
   14.4196   0.16903   1.67306   2.647e+10 1.00 2.40   0.05000  1.0  0.0
   13.1579   0.14411   1.66832   2.647e+10 1.00 2.40   0.05000  1.0  0.0
   11.9403   0.10610   1.64833   2.647e+10 1.00 2.40   0.05000  1.0  0.0
   11.0193   0.08036   1.65972   2.647e+10 1.00 2.40   0.05000  1.0  0.0
   10.3093   0.07710   1.67450   2.647e+10 1.00 2.40   0.05000  1.0  0.0
    9.6852   0.08285   1.68847   2.647e+10 1.00 2.40   0.05000  1.0  0.0
    9.2039   0.08747   1.69934   2.647e+10 1.00 2.40   0.05000  1.0  0.0
    8.6655   0.09569   1.70977   2.647e+10 1.00 2.40   0.05000  1.0  0.0
    8.0808   0.11483   1.71601   2.647e+10 1.00 2.40   0.05000  1.0  0.0
    7.6190   0.13332   1.71606   2.647e+10 1.00 2.40   0.05000  1.0  0.0
    7.1429   0.16484   1.69616   2.647e+10 1.00 2.40   0.05000  1.0  0.0
    6.6667   0.22280   1.67694   2.647e+10 1.00 2.40   0.05000  1.0  0.0
    6.2500   0.24368   1.55054   2.647e+10 1.00 2.40   0.05000  1.0  0.0
    5.8824   0.09996   1.45136   2.647e+10 1.00 2.40   0.05000  1.0  0.0
    5.5556   0.01819   1.52228   2.647e+10 1.00 2.40   0.05000  1.0  0.0
    5.2632   0.00890   1.57368   2.647e+10 1.00 2.40   0.05000  1.0  0.0
    5.0000   0.00899   1.59736   2.647e+10 1.00 2.40   0.05000  1.0  0.0
    4.7059   0.02054   1.61433   2.647e+10 1.00 2.40   0.05000  1.0  0.0
    4.3507   0.01177   1.61855   2.647e+10 1.00 2.40   0.05000  1.0  0.0
    4.0891   0.01142   1.63473   2.647e+10 1.00 2.40   0.05000  1.0  0.0
    3.7807   0.01816   1.64543   2.647e+10 1.00 2.40   0.05000  1.0  0.0
    3.3996   0.04137   1.64998   2.647e+10 1.00 2.40   0.05000  1.0  0.0
    3.0713   0.06575   1.61955   2.647e+10 1.00 2.40   0.05000  1.0  0.0
    2.7836   0.02153   1.58908   2.647e+10 1.00 2.40   0.05000  1.0  0.0
    2.5674   0.00276   1.60927   2.647e+10 1.00 2.40   0.05000  1.0  0.0
    2.3337   0.00099   1.62344   2.647e+10 1.00 2.40   0.05000  1.0  0.0
    2.1075   0.00080   1.63000   2.647e+10 1.00 2.40   0.05000  1.0  0.0
    1.9380   0.00061   1.63009   2.647e+10 1.00 2.40   0.05000  1.0  0.0
    1.7707   0.00042   1.63920   2.647e+10 1.00 2.40   0.05000  1.0  0.0
    1.6240   0.00040   1.64001   2.647e+10 1.00 2.40   0.05000  1.0  0.0
    1.4948   0.00041   1.64001   2.647e+10 1.00 2.40   0.05000  1.0  0.0
    1.3661   0.00042   1.64066   2.647e+10 1.00 2.40   0.05000  1.0  0.0
    1.2527   0.00048   1.64627   2.647e+10 1.00 2.40   0.05000  1.0  0.0
    1.1652   0.00059   1.64996   2.647e+10 1.00 2.40   0.05000  1.0  0.0
    1.0989   0.00077   1.65001   2.647e+10 1.00 2.40   0.05000  1.0  0.0
    1.0526   0.00090   1.65000   2.647e+10 1.00 2.40   0.05000  1.0  0.0
    0.9975   0.00119   1.65144   2.647e+10 1.00 2.40   0.05000  1.0  0.0
    0.9251   0.00189   1.65633   2.647e+10 1.00 2.40   0.05000  1.0  0.0
    0.8662   0.00271   1.66085   2.647e+10 1.00 2.40   0.05000  1.0  0.0
    0.8110   0.00454   1.66669   2.647e+10 1.00 2.40   0.05000  1.0  0.0
    0.7666   0.00610   1.67155   2.647e+10 1.00 2.40   0.05000  1.0  0.0
    0.7202   0.00769   1.67655   2.647e+10 1.00 2.40   0.05000  1.0  0.0
    0.6787   0.00995   1.68161   2.647e+10 1.00 2.40   0.05000  1.0  0.0
    0.6452   0.01372   1.68693   2.647e+10 1.00 2.40   0.05000  1.0  0.0
    0.6149   0.01717   1.69179   2.647e+10 1.00 2.40   0.05000  1.0  0.0
    0.5852   0.02052   1.69650   2.647e+10 1.00 2.40   0.05000  1.0  0.0
    0.5579   0.02475   1.70092   2.647e+10 1.00 2.40   0.05000  1.0  0.0
    0.5447   0.02875   1.70311   2.647e+10 1.00 2.40   0.05000  1.0  0.0
    0.4909   0.04483   1.71180   2.647e+10 1.00 2.40   0.05000  1.0  0.0
    0.4179   0.07341   1.69420   2.647e+10 1.00 2.40   0.05000  1.0  0.0
    0.3640   0.10438   1.64177   2.647e+10 1.00 2.40   0.05000  1.0  0.0
    0.3351   0.12367   1.63683   2.647e+10 1.00 2.40   0.05000  1.0  0.0
    0.3178   0.13539   1.64545   2.647e+10 1.00 2.40   0.05000  1.0  0.0
    0.2956   0.15040   1.65961   2.647e+10 1.00 2.40   0.05000  1.0  0.0
    0.2799   0.16457   1.66972   2.647e+10 1.00 2.40   0.05000  1.0  0.0
    0.2549   0.19026   1.67907   2.647e+10 1.00 2.40   0.05000  1.0  0.0
