             CO2-CO2     1.000   250.000    250  200.0 1.793E-43 -.999                            20
    1.0000  3.698E-46
    2.0000  1.475E-45
    3.0000  3.300E-45
    4.0000  5.824E-45
    5.0000  9.014E-45
    6.0000  1.283E-44
    7.0000  1.723E-44
    8.0000  2.217E-44
    9.0000  2.757E-44
   10.0000  3.340E-44
   11.0000  3.958E-44
   12.0000  4.605E-44
   13.0000  5.275E-44
   14.0000  5.962E-44
   15.0000  6.660E-44
   16.0000  7.363E-44
   17.0000  8.066E-44
   18.0000  8.764E-44
   19.0000  9.453E-44
   20.0000  1.013E-43
   21.0000  1.078E-43
   22.0000  1.142E-43
   23.0000  1.203E-43
   24.0000  1.262E-43
   25.0000  1.318E-43
   26.0000  1.370E-43
   27.0000  1.420E-43
   28.0000  1.467E-43
   29.0000  1.510E-43
   30.0000  1.550E-43
   31.0000  1.587E-43
   32.0000  1.620E-43
   33.0000  1.650E-43
   34.0000  1.677E-43
   35.0000  1.701E-43
   36.0000  1.722E-43
   37.0000  1.740E-43
   38.0000  1.755E-43
   39.0000  1.768E-43
   40.0000  1.778E-43
   41.0000  1.785E-43
   42.0000  1.790E-43
   43.0000  1.793E-43
   44.0000  1.793E-43
   45.0000  1.792E-43
   46.0000  1.788E-43
   47.0000  1.783E-43
   48.0000  1.776E-43
   49.0000  1.767E-43
   50.0000  1.761E-43
   51.0000  1.753E-43
   52.0000  1.743E-43
   53.0000  1.733E-43
   54.0000  1.721E-43
   55.0000  1.708E-43
   56.0000  1.694E-43
   57.0000  1.679E-43
   58.0000  1.663E-43
   59.0000  1.647E-43
   60.0000  1.629E-43
   61.0000  1.611E-43
   62.0000  1.592E-43
   63.0000  1.573E-43
   64.0000  1.553E-43
   65.0000  1.532E-43
   66.0000  1.511E-43
   67.0000  1.490E-43
   68.0000  1.468E-43
   69.0000  1.445E-43
   70.0000  1.423E-43
   71.0000  1.400E-43
   72.0000  1.377E-43
   73.0000  1.353E-43
   74.0000  1.330E-43
   75.0000  1.306E-43
   76.0000  1.282E-43
   77.0000  1.258E-43
   78.0000  1.234E-43
   79.0000  1.210E-43
   80.0000  1.186E-43
   81.0000  1.162E-43
   82.0000  1.138E-43
   83.0000  1.114E-43
   84.0000  1.091E-43
   85.0000  1.067E-43
   86.0000  1.043E-43
   87.0000  1.020E-43
   88.0000  9.968E-44
   89.0000  9.737E-44
   90.0000  9.508E-44
   91.0000  9.282E-44
   92.0000  9.057E-44
   93.0000  8.835E-44
   94.0000  8.616E-44
   95.0000  8.399E-44
   96.0000  8.185E-44
   97.0000  7.973E-44
   98.0000  7.764E-44
   99.0000  7.559E-44
  100.0000  7.359E-44
  101.0000  7.163E-44
  102.0000  6.972E-44
  103.0000  6.784E-44
  104.0000  6.601E-44
  105.0000  6.421E-44
  106.0000  6.246E-44
  107.0000  6.075E-44
  108.0000  5.907E-44
  109.0000  5.743E-44
  110.0000  5.583E-44
  111.0000  5.427E-44
  112.0000  5.275E-44
  113.0000  5.126E-44
  114.0000  4.981E-44
  115.0000  4.839E-44
  116.0000  4.701E-44
  117.0000  4.567E-44
  118.0000  4.436E-44
  119.0000  4.308E-44
  120.0000  4.183E-44
  121.0000  4.062E-44
  122.0000  3.943E-44
  123.0000  3.828E-44
  124.0000  3.716E-44
  125.0000  3.607E-44
  126.0000  3.501E-44
  127.0000  3.397E-44
  128.0000  3.296E-44
  129.0000  3.198E-44
  130.0000  3.103E-44
  131.0000  3.011E-44
  132.0000  2.920E-44
  133.0000  2.833E-44
  134.0000  2.747E-44
  135.0000  2.665E-44
  136.0000  2.584E-44
  137.0000  2.506E-44
  138.0000  2.430E-44
  139.0000  2.356E-44
  140.0000  2.284E-44
  141.0000  2.214E-44
  142.0000  2.146E-44
  143.0000  2.081E-44
  144.0000  2.017E-44
  145.0000  1.955E-44
  146.0000  1.894E-44
  147.0000  1.836E-44
  148.0000  1.779E-44
  149.0000  1.724E-44
  150.0000  1.670E-44
  151.0000  1.618E-44
  152.0000  1.568E-44
  153.0000  1.519E-44
  154.0000  1.471E-44
  155.0000  1.425E-44
  156.0000  1.381E-44
  157.0000  1.337E-44
  158.0000  1.295E-44
  159.0000  1.255E-44
  160.0000  1.215E-44
  161.0000  1.177E-44
  162.0000  1.139E-44
  163.0000  1.103E-44
  164.0000  1.068E-44
  165.0000  1.034E-44
  166.0000  1.002E-44
  167.0000  9.697E-45
  168.0000  9.388E-45
  169.0000  9.089E-45
  170.0000  8.799E-45
  171.0000  8.517E-45
  172.0000  8.245E-45
  173.0000  7.981E-45
  174.0000  7.725E-45
  175.0000  7.477E-45
  176.0000  7.236E-45
  177.0000  7.004E-45
  178.0000  6.778E-45
  179.0000  6.560E-45
  180.0000  6.348E-45
  181.0000  6.143E-45
  182.0000  5.944E-45
  183.0000  5.752E-45
  184.0000  5.566E-45
  185.0000  5.385E-45
  186.0000  5.210E-45
  187.0000  5.041E-45
  188.0000  4.877E-45
  189.0000  4.719E-45
  190.0000  4.565E-45
  191.0000  4.416E-45
  192.0000  4.272E-45
  193.0000  4.133E-45
  194.0000  3.998E-45
  195.0000  3.867E-45
  196.0000  3.741E-45
  197.0000  3.618E-45
  198.0000  3.500E-45
  199.0000  3.385E-45
  200.0000  3.274E-45
  201.0000  3.166E-45
  202.0000  3.062E-45
  203.0000  2.962E-45
  204.0000  2.864E-45
  205.0000  2.770E-45
  206.0000  2.679E-45
  207.0000  2.590E-45
  208.0000  2.505E-45
  209.0000  2.422E-45
  210.0000  2.342E-45
  211.0000  2.265E-45
  212.0000  2.190E-45
  213.0000  2.117E-45
  214.0000  2.047E-45
  215.0000  1.979E-45
  216.0000  1.914E-45
  217.0000  1.850E-45
  218.0000  1.789E-45
  219.0000  1.729E-45
  220.0000  1.672E-45
  221.0000  1.616E-45
  222.0000  1.563E-45
  223.0000  1.511E-45
  224.0000  1.460E-45
  225.0000  1.412E-45
  226.0000  1.365E-45
  227.0000  1.319E-45
  228.0000  1.275E-45
  229.0000  1.232E-45
  230.0000  1.191E-45
  231.0000  1.151E-45
  232.0000  1.113E-45
  233.0000  1.076E-45
  234.0000  1.040E-45
  235.0000  1.005E-45
  236.0000  9.713E-46
  237.0000  9.387E-46
  238.0000  9.072E-46
  239.0000  8.768E-46
  240.0000  8.474E-46
  241.0000  8.189E-46
  242.0000  7.914E-46
  243.0000  7.648E-46
  244.0000  7.391E-46
  245.0000  7.143E-46
  246.0000  6.902E-46
  247.0000  6.670E-46
  248.0000  6.446E-46
  249.0000  6.228E-46
  250.0000  6.019E-46
             CO2-CO2     1.000   250.000    250  300.0 9.532E-44 -.999                            20
    1.0000  9.957E-47
    2.0000  3.977E-46
    3.0000  8.929E-46
    4.0000  1.583E-45
    5.0000  2.463E-45
    6.0000  3.530E-45
    7.0000  4.777E-45
    8.0000  6.198E-45
    9.0000  7.787E-45
   10.0000  9.534E-45
   11.0000  1.143E-44
   12.0000  1.347E-44
   13.0000  1.564E-44
   14.0000  1.793E-44
   15.0000  2.032E-44
   16.0000  2.282E-44
   17.0000  2.540E-44
   18.0000  2.806E-44
   19.0000  3.078E-44
   20.0000  3.355E-44
   21.0000  3.636E-44
   22.0000  3.920E-44
   23.0000  4.205E-44
   24.0000  4.491E-44
   25.0000  4.776E-44
   26.0000  5.060E-44
   27.0000  5.341E-44
   28.0000  5.618E-44
   29.0000  5.890E-44
   30.0000  6.158E-44
   31.0000  6.418E-44
   32.0000  6.672E-44
   33.0000  6.919E-44
   34.0000  7.156E-44
   35.0000  7.385E-44
   36.0000  7.605E-44
   37.0000  7.814E-44
   38.0000  8.013E-44
   39.0000  8.202E-44
   40.0000  8.379E-44
   41.0000  8.545E-44
   42.0000  8.700E-44
   43.0000  8.843E-44
   44.0000  8.975E-44
   45.0000  9.095E-44
   46.0000  9.204E-44
   47.0000  9.301E-44
   48.0000  9.386E-44
   49.0000  9.460E-44
   50.0000  9.496E-44
   51.0000  9.520E-44
   52.0000  9.532E-44
   53.0000  9.532E-44
   54.0000  9.521E-44
   55.0000  9.500E-44
   56.0000  9.469E-44
   57.0000  9.429E-44
   58.0000  9.379E-44
   59.0000  9.321E-44
   60.0000  9.256E-44
   61.0000  9.184E-44
   62.0000  9.104E-44
   63.0000  9.019E-44
   64.0000  8.928E-44
   65.0000  8.832E-44
   66.0000  8.732E-44
   67.0000  8.627E-44
   68.0000  8.519E-44
   69.0000  8.408E-44
   70.0000  8.294E-44
   71.0000  8.177E-44
   72.0000  8.059E-44
   73.0000  7.938E-44
   74.0000  7.817E-44
   75.0000  7.695E-44
   76.0000  7.572E-44
   77.0000  7.448E-44
   78.0000  7.325E-44
   79.0000  7.202E-44
   80.0000  7.079E-44
   81.0000  6.956E-44
   82.0000  6.835E-44
   83.0000  6.714E-44
   84.0000  6.594E-44
   85.0000  6.476E-44
   86.0000  6.359E-44
   87.0000  6.243E-44
   88.0000  6.129E-44
   89.0000  6.017E-44
   90.0000  5.907E-44
   91.0000  5.798E-44
   92.0000  5.691E-44
   93.0000  5.587E-44
   94.0000  5.484E-44
   95.0000  5.383E-44
   96.0000  5.285E-44
   97.0000  5.188E-44
   98.0000  5.094E-44
   99.0000  5.002E-44
  100.0000  4.915E-44
  101.0000  4.828E-44
  102.0000  4.743E-44
  103.0000  4.659E-44
  104.0000  4.575E-44
  105.0000  4.492E-44
  106.0000  4.410E-44
  107.0000  4.329E-44
  108.0000  4.249E-44
  109.0000  4.170E-44
  110.0000  4.092E-44
  111.0000  4.015E-44
  112.0000  3.939E-44
  113.0000  3.864E-44
  114.0000  3.790E-44
  115.0000  3.716E-44
  116.0000  3.644E-44
  117.0000  3.573E-44
  118.0000  3.503E-44
  119.0000  3.434E-44
  120.0000  3.367E-44
  121.0000  3.300E-44
  122.0000  3.234E-44
  123.0000  3.169E-44
  124.0000  3.105E-44
  125.0000  3.043E-44
  126.0000  2.981E-44
  127.0000  2.920E-44
  128.0000  2.860E-44
  129.0000  2.802E-44
  130.0000  2.744E-44
  131.0000  2.687E-44
  132.0000  2.632E-44
  133.0000  2.577E-44
  134.0000  2.523E-44
  135.0000  2.470E-44
  136.0000  2.418E-44
  137.0000  2.367E-44
  138.0000  2.317E-44
  139.0000  2.268E-44
  140.0000  2.220E-44
  141.0000  2.173E-44
  142.0000  2.126E-44
  143.0000  2.081E-44
  144.0000  2.036E-44
  145.0000  1.992E-44
  146.0000  1.949E-44
  147.0000  1.907E-44
  148.0000  1.866E-44
  149.0000  1.825E-44
  150.0000  1.785E-44
  151.0000  1.746E-44
  152.0000  1.708E-44
  153.0000  1.671E-44
  154.0000  1.634E-44
  155.0000  1.598E-44
  156.0000  1.563E-44
  157.0000  1.528E-44
  158.0000  1.494E-44
  159.0000  1.461E-44
  160.0000  1.429E-44
  161.0000  1.397E-44
  162.0000  1.366E-44
  163.0000  1.335E-44
  164.0000  1.305E-44
  165.0000  1.276E-44
  166.0000  1.247E-44
  167.0000  1.219E-44
  168.0000  1.192E-44
  169.0000  1.165E-44
  170.0000  1.139E-44
  171.0000  1.113E-44
  172.0000  1.088E-44
  173.0000  1.063E-44
  174.0000  1.039E-44
  175.0000  1.015E-44
  176.0000  9.918E-45
  177.0000  9.692E-45
  178.0000  9.470E-45
  179.0000  9.253E-45
  180.0000  9.041E-45
  181.0000  8.833E-45
  182.0000  8.630E-45
  183.0000  8.432E-45
  184.0000  8.237E-45
  185.0000  8.047E-45
  186.0000  7.861E-45
  187.0000  7.680E-45
  188.0000  7.502E-45
  189.0000  7.328E-45
  190.0000  7.158E-45
  191.0000  6.992E-45
  192.0000  6.829E-45
  193.0000  6.670E-45
  194.0000  6.515E-45
  195.0000  6.363E-45
  196.0000  6.214E-45
  197.0000  6.069E-45
  198.0000  5.927E-45
  199.0000  5.788E-45
  200.0000  5.652E-45
  201.0000  5.520E-45
  202.0000  5.390E-45
  203.0000  5.263E-45
  204.0000  5.139E-45
  205.0000  5.018E-45
  206.0000  4.900E-45
  207.0000  4.784E-45
  208.0000  4.671E-45
  209.0000  4.561E-45
  210.0000  4.453E-45
  211.0000  4.348E-45
  212.0000  4.245E-45
  213.0000  4.144E-45
  214.0000  4.046E-45
  215.0000  3.950E-45
  216.0000  3.856E-45
  217.0000  3.764E-45
  218.0000  3.675E-45
  219.0000  3.587E-45
  220.0000  3.502E-45
  221.0000  3.418E-45
  222.0000  3.336E-45
  223.0000  3.257E-45
  224.0000  3.179E-45
  225.0000  3.103E-45
  226.0000  3.029E-45
  227.0000  2.956E-45
  228.0000  2.885E-45
  229.0000  2.816E-45
  230.0000  2.748E-45
  231.0000  2.682E-45
  232.0000  2.618E-45
  233.0000  2.555E-45
  234.0000  2.494E-45
  235.0000  2.434E-45
  236.0000  2.375E-45
  237.0000  2.318E-45
  238.0000  2.262E-45
  239.0000  2.207E-45
  240.0000  2.154E-45
  241.0000  2.102E-45
  242.0000  2.051E-45
  243.0000  2.001E-45
  244.0000  1.953E-45
  245.0000  1.906E-45
  246.0000  1.860E-45
  247.0000  1.815E-45
  248.0000  1.771E-45
  249.0000  1.728E-45
  250.0000  1.686E-45
             CO2-CO2     1.000   250.000    250  400.0 6.403E-44 -.999                            20
    1.0000  4.801E-47
    2.0000  1.919E-46
    3.0000  4.311E-46
    4.0000  7.649E-46
    5.0000  1.192E-45
    6.0000  1.711E-45
    7.0000  2.320E-45
    8.0000  3.017E-45
    9.0000  3.800E-45
   10.0000  4.665E-45
   11.0000  5.611E-45
   12.0000  6.633E-45
   13.0000  7.729E-45
   14.0000  8.894E-45
   15.0000  1.013E-44
   16.0000  1.142E-44
   17.0000  1.277E-44
   18.0000  1.417E-44
   19.0000  1.563E-44
   20.0000  1.712E-44
   21.0000  1.866E-44
   22.0000  2.023E-44
   23.0000  2.183E-44
   24.0000  2.346E-44
   25.0000  2.511E-44
   26.0000  2.677E-44
   27.0000  2.844E-44
   28.0000  3.012E-44
   29.0000  3.180E-44
   30.0000  3.348E-44
   31.0000  3.516E-44
   32.0000  3.682E-44
   33.0000  3.846E-44
   34.0000  4.009E-44
   35.0000  4.169E-44
   36.0000  4.327E-44
   37.0000  4.481E-44
   38.0000  4.632E-44
   39.0000  4.779E-44
   40.0000  4.923E-44
   41.0000  5.062E-44
   42.0000  5.196E-44
   43.0000  5.326E-44
   44.0000  5.450E-44
   45.0000  5.570E-44
   46.0000  5.684E-44
   47.0000  5.792E-44
   48.0000  5.895E-44
   49.0000  5.992E-44
   50.0000  6.067E-44
   51.0000  6.133E-44
   52.0000  6.193E-44
   53.0000  6.244E-44
   54.0000  6.288E-44
   55.0000  6.325E-44
   56.0000  6.354E-44
   57.0000  6.377E-44
   58.0000  6.392E-44
   59.0000  6.401E-44
   60.0000  6.403E-44
   61.0000  6.399E-44
   62.0000  6.389E-44
   63.0000  6.373E-44
   64.0000  6.352E-44
   65.0000  6.326E-44
   66.0000  6.294E-44
   67.0000  6.258E-44
   68.0000  6.218E-44
   69.0000  6.174E-44
   70.0000  6.126E-44
   71.0000  6.074E-44
   72.0000  6.019E-44
   73.0000  5.962E-44
   74.0000  5.901E-44
   75.0000  5.838E-44
   76.0000  5.773E-44
   77.0000  5.707E-44
   78.0000  5.638E-44
   79.0000  5.568E-44
   80.0000  5.496E-44
   81.0000  5.424E-44
   82.0000  5.351E-44
   83.0000  5.277E-44
   84.0000  5.202E-44
   85.0000  5.127E-44
   86.0000  5.052E-44
   87.0000  4.977E-44
   88.0000  4.902E-44
   89.0000  4.828E-44
   90.0000  4.753E-44
   91.0000  4.679E-44
   92.0000  4.606E-44
   93.0000  4.534E-44
   94.0000  4.462E-44
   95.0000  4.391E-44
   96.0000  4.321E-44
   97.0000  4.252E-44
   98.0000  4.183E-44
   99.0000  4.116E-44
  100.0000  4.062E-44
  101.0000  4.007E-44
  102.0000  3.952E-44
  103.0000  3.898E-44
  104.0000  3.843E-44
  105.0000  3.789E-44
  106.0000  3.735E-44
  107.0000  3.681E-44
  108.0000  3.627E-44
  109.0000  3.574E-44
  110.0000  3.521E-44
  111.0000  3.468E-44
  112.0000  3.416E-44
  113.0000  3.363E-44
  114.0000  3.312E-44
  115.0000  3.260E-44
  116.0000  3.209E-44
  117.0000  3.159E-44
  118.0000  3.109E-44
  119.0000  3.059E-44
  120.0000  3.010E-44
  121.0000  2.961E-44
  122.0000  2.913E-44
  123.0000  2.865E-44
  124.0000  2.818E-44
  125.0000  2.771E-44
  126.0000  2.725E-44
  127.0000  2.679E-44
  128.0000  2.634E-44
  129.0000  2.589E-44
  130.0000  2.545E-44
  131.0000  2.501E-44
  132.0000  2.458E-44
  133.0000  2.416E-44
  134.0000  2.374E-44
  135.0000  2.332E-44
  136.0000  2.291E-44
  137.0000  2.251E-44
  138.0000  2.211E-44
  139.0000  2.172E-44
  140.0000  2.133E-44
  141.0000  2.095E-44
  142.0000  2.057E-44
  143.0000  2.020E-44
  144.0000  1.984E-44
  145.0000  1.948E-44
  146.0000  1.912E-44
  147.0000  1.877E-44
  148.0000  1.843E-44
  149.0000  1.809E-44
  150.0000  1.775E-44
  151.0000  1.743E-44
  152.0000  1.710E-44
  153.0000  1.678E-44
  154.0000  1.647E-44
  155.0000  1.616E-44
  156.0000  1.586E-44
  157.0000  1.556E-44
  158.0000  1.526E-44
  159.0000  1.498E-44
  160.0000  1.469E-44
  161.0000  1.441E-44
  162.0000  1.414E-44
  163.0000  1.387E-44
  164.0000  1.360E-44
  165.0000  1.334E-44
  166.0000  1.308E-44
  167.0000  1.283E-44
  168.0000  1.258E-44
  169.0000  1.234E-44
  170.0000  1.210E-44
  171.0000  1.186E-44
  172.0000  1.163E-44
  173.0000  1.140E-44
  174.0000  1.118E-44
  175.0000  1.096E-44
  176.0000  1.075E-44
  177.0000  1.053E-44
  178.0000  1.033E-44
  179.0000  1.012E-44
  180.0000  9.921E-45
  181.0000  9.724E-45
  182.0000  9.531E-45
  183.0000  9.341E-45
  184.0000  9.155E-45
  185.0000  8.972E-45
  186.0000  8.793E-45
  187.0000  8.617E-45
  188.0000  8.444E-45
  189.0000  8.274E-45
  190.0000  8.108E-45
  191.0000  7.945E-45
  192.0000  7.784E-45
  193.0000  7.627E-45
  194.0000  7.473E-45
  195.0000  7.321E-45
  196.0000  7.173E-45
  197.0000  7.027E-45
  198.0000  6.884E-45
  199.0000  6.744E-45
  200.0000  6.606E-45
  201.0000  6.471E-45
  202.0000  6.339E-45
  203.0000  6.209E-45
  204.0000  6.082E-45
  205.0000  5.957E-45
  206.0000  5.835E-45
  207.0000  5.715E-45
  208.0000  5.597E-45
  209.0000  5.482E-45
  210.0000  5.369E-45
  211.0000  5.258E-45
  212.0000  5.149E-45
  213.0000  5.042E-45
  214.0000  4.938E-45
  215.0000  4.836E-45
  216.0000  4.735E-45
  217.0000  4.637E-45
  218.0000  4.540E-45
  219.0000  4.446E-45
  220.0000  4.353E-45
  221.0000  4.262E-45
  222.0000  4.173E-45
  223.0000  4.086E-45
  224.0000  4.000E-45
  225.0000  3.917E-45
  226.0000  3.835E-45
  227.0000  3.754E-45
  228.0000  3.675E-45
  229.0000  3.598E-45
  230.0000  3.522E-45
  231.0000  3.448E-45
  232.0000  3.376E-45
  233.0000  3.304E-45
  234.0000  3.235E-45
  235.0000  3.166E-45
  236.0000  3.099E-45
  237.0000  3.034E-45
  238.0000  2.970E-45
  239.0000  2.907E-45
  240.0000  2.845E-45
  241.0000  2.785E-45
  242.0000  2.726E-45
  243.0000  2.668E-45
  244.0000  2.611E-45
  245.0000  2.556E-45
  246.0000  2.501E-45
  247.0000  2.448E-45
  248.0000  2.396E-45
  249.0000  2.345E-45
  250.0000  2.294E-45
             CO2-CO2     1.000   250.000    250  500.0 5.061E-44 -.999                            20
    1.0000  2.997E-47
    2.0000  1.198E-46
    3.0000  2.693E-46
    4.0000  4.779E-46
    5.0000  7.453E-46
    6.0000  1.071E-45
    7.0000  1.453E-45
    8.0000  1.891E-45
    9.0000  2.385E-45
   10.0000  2.932E-45
   11.0000  3.531E-45
   12.0000  4.181E-45
   13.0000  4.880E-45
   14.0000  5.626E-45
   15.0000  6.417E-45
   16.0000  7.252E-45
   17.0000  8.127E-45
   18.0000  9.042E-45
   19.0000  9.993E-45
   20.0000  1.098E-44
   21.0000  1.200E-44
   22.0000  1.304E-44
   23.0000  1.412E-44
   24.0000  1.521E-44
   25.0000  1.633E-44
   26.0000  1.747E-44
   27.0000  1.863E-44
   28.0000  1.980E-44
   29.0000  2.098E-44
   30.0000  2.216E-44
   31.0000  2.336E-44
   32.0000  2.456E-44
   33.0000  2.576E-44
   34.0000  2.695E-44
   35.0000  2.815E-44
   36.0000  2.933E-44
   37.0000  3.051E-44
   38.0000  3.168E-44
   39.0000  3.283E-44
   40.0000  3.397E-44
   41.0000  3.509E-44
   42.0000  3.619E-44
   43.0000  3.727E-44
   44.0000  3.833E-44
   45.0000  3.936E-44
   46.0000  4.036E-44
   47.0000  4.134E-44
   48.0000  4.229E-44
   49.0000  4.320E-44
   50.0000  4.401E-44
   51.0000  4.478E-44
   52.0000  4.549E-44
   53.0000  4.616E-44
   54.0000  4.679E-44
   55.0000  4.736E-44
   56.0000  4.789E-44
   57.0000  4.837E-44
   58.0000  4.880E-44
   59.0000  4.919E-44
   60.0000  4.952E-44
   61.0000  4.981E-44
   62.0000  5.005E-44
   63.0000  5.025E-44
   64.0000  5.040E-44
   65.0000  5.051E-44
   66.0000  5.058E-44
   67.0000  5.061E-44
   68.0000  5.059E-44
   69.0000  5.054E-44
   70.0000  5.045E-44
   71.0000  5.033E-44
   72.0000  5.017E-44
   73.0000  4.998E-44
   74.0000  4.976E-44
   75.0000  4.951E-44
   76.0000  4.923E-44
   77.0000  4.892E-44
   78.0000  4.859E-44
   79.0000  4.824E-44
   80.0000  4.787E-44
   81.0000  4.747E-44
   82.0000  4.706E-44
   83.0000  4.663E-44
   84.0000  4.619E-44
   85.0000  4.573E-44
   86.0000  4.526E-44
   87.0000  4.478E-44
   88.0000  4.429E-44
   89.0000  4.379E-44
   90.0000  4.328E-44
   91.0000  4.277E-44
   92.0000  4.225E-44
   93.0000  4.173E-44
   94.0000  4.120E-44
   95.0000  4.068E-44
   96.0000  4.015E-44
   97.0000  3.962E-44
   98.0000  3.909E-44
   99.0000  3.857E-44
  100.0000  3.817E-44
  101.0000  3.776E-44
  102.0000  3.736E-44
  103.0000  3.695E-44
  104.0000  3.653E-44
  105.0000  3.612E-44
  106.0000  3.570E-44
  107.0000  3.528E-44
  108.0000  3.486E-44
  109.0000  3.444E-44
  110.0000  3.402E-44
  111.0000  3.359E-44
  112.0000  3.317E-44
  113.0000  3.275E-44
  114.0000  3.232E-44
  115.0000  3.190E-44
  116.0000  3.148E-44
  117.0000  3.106E-44
  118.0000  3.064E-44
  119.0000  3.022E-44
  120.0000  2.980E-44
  121.0000  2.939E-44
  122.0000  2.898E-44
  123.0000  2.856E-44
  124.0000  2.816E-44
  125.0000  2.775E-44
  126.0000  2.735E-44
  127.0000  2.694E-44
  128.0000  2.655E-44
  129.0000  2.615E-44
  130.0000  2.576E-44
  131.0000  2.537E-44
  132.0000  2.498E-44
  133.0000  2.460E-44
  134.0000  2.422E-44
  135.0000  2.385E-44
  136.0000  2.347E-44
  137.0000  2.310E-44
  138.0000  2.274E-44
  139.0000  2.238E-44
  140.0000  2.202E-44
  141.0000  2.167E-44
  142.0000  2.132E-44
  143.0000  2.097E-44
  144.0000  2.063E-44
  145.0000  2.029E-44
  146.0000  1.996E-44
  147.0000  1.963E-44
  148.0000  1.930E-44
  149.0000  1.898E-44
  150.0000  1.866E-44
  151.0000  1.834E-44
  152.0000  1.803E-44
  153.0000  1.773E-44
  154.0000  1.742E-44
  155.0000  1.713E-44
  156.0000  1.683E-44
  157.0000  1.654E-44
  158.0000  1.625E-44
  159.0000  1.597E-44
  160.0000  1.569E-44
  161.0000  1.542E-44
  162.0000  1.515E-44
  163.0000  1.488E-44
  164.0000  1.462E-44
  165.0000  1.436E-44
  166.0000  1.410E-44
  167.0000  1.385E-44
  168.0000  1.360E-44
  169.0000  1.336E-44
  170.0000  1.312E-44
  171.0000  1.288E-44
  172.0000  1.265E-44
  173.0000  1.242E-44
  174.0000  1.219E-44
  175.0000  1.197E-44
  176.0000  1.175E-44
  177.0000  1.154E-44
  178.0000  1.132E-44
  179.0000  1.111E-44
  180.0000  1.091E-44
  181.0000  1.071E-44
  182.0000  1.051E-44
  183.0000  1.031E-44
  184.0000  1.012E-44
  185.0000  9.931E-45
  186.0000  9.745E-45
  187.0000  9.562E-45
  188.0000  9.382E-45
  189.0000  9.206E-45
  190.0000  9.032E-45
  191.0000  8.861E-45
  192.0000  8.693E-45
  193.0000  8.528E-45
  194.0000  8.366E-45
  195.0000  8.206E-45
  196.0000  8.049E-45
  197.0000  7.895E-45
  198.0000  7.744E-45
  199.0000  7.595E-45
  200.0000  7.449E-45
  201.0000  7.306E-45
  202.0000  7.165E-45
  203.0000  7.026E-45
  204.0000  6.890E-45
  205.0000  6.757E-45
  206.0000  6.626E-45
  207.0000  6.497E-45
  208.0000  6.370E-45
  209.0000  6.246E-45
  210.0000  6.124E-45
  211.0000  6.004E-45
  212.0000  5.886E-45
  213.0000  5.771E-45
  214.0000  5.658E-45
  215.0000  5.546E-45
  216.0000  5.437E-45
  217.0000  5.330E-45
  218.0000  5.225E-45
  219.0000  5.121E-45
  220.0000  5.020E-45
  221.0000  4.920E-45
  222.0000  4.823E-45
  223.0000  4.727E-45
  224.0000  4.633E-45
  225.0000  4.540E-45
  226.0000  4.450E-45
  227.0000  4.361E-45
  228.0000  4.274E-45
  229.0000  4.188E-45
  230.0000  4.104E-45
  231.0000  4.022E-45
  232.0000  3.941E-45
  233.0000  3.862E-45
  234.0000  3.784E-45
  235.0000  3.708E-45
  236.0000  3.633E-45
  237.0000  3.560E-45
  238.0000  3.488E-45
  239.0000  3.418E-45
  240.0000  3.348E-45
  241.0000  3.281E-45
  242.0000  3.214E-45
  243.0000  3.149E-45
  244.0000  3.085E-45
  245.0000  3.022E-45
  246.0000  2.961E-45
  247.0000  2.900E-45
  248.0000  2.841E-45
  249.0000  2.783E-45
  250.0000  2.726E-45
             CO2-CO2     1.000   250.000    250  600.0 4.444E-44 -.999                            20
    1.0000  2.160E-47
    2.0000  8.637E-47
    3.0000  1.942E-46
    4.0000  3.447E-46
    5.0000  5.377E-46
    6.0000  7.728E-46
    7.0000  1.049E-45
    8.0000  1.367E-45
    9.0000  1.725E-45
   10.0000  2.122E-45
   11.0000  2.558E-45
   12.0000  3.031E-45
   13.0000  3.541E-45
   14.0000  4.087E-45
   15.0000  4.667E-45
   16.0000  5.281E-45
   17.0000  5.926E-45
   18.0000  6.602E-45
   19.0000  7.307E-45
   20.0000  8.040E-45
   21.0000  8.799E-45
   22.0000  9.583E-45
   23.0000  1.039E-44
   24.0000  1.122E-44
   25.0000  1.207E-44
   26.0000  1.293E-44
   27.0000  1.382E-44
   28.0000  1.471E-44
   29.0000  1.562E-44
   30.0000  1.655E-44
   31.0000  1.748E-44
   32.0000  1.842E-44
   33.0000  1.936E-44
   34.0000  2.032E-44
   35.0000  2.127E-44
   36.0000  2.222E-44
   37.0000  2.318E-44
   38.0000  2.413E-44
   39.0000  2.508E-44
   40.0000  2.602E-44
   41.0000  2.696E-44
   42.0000  2.789E-44
   43.0000  2.881E-44
   44.0000  2.971E-44
   45.0000  3.061E-44
   46.0000  3.149E-44
   47.0000  3.236E-44
   48.0000  3.321E-44
   49.0000  3.404E-44
   50.0000  3.483E-44
   51.0000  3.559E-44
   52.0000  3.632E-44
   53.0000  3.702E-44
   54.0000  3.770E-44
   55.0000  3.834E-44
   56.0000  3.895E-44
   57.0000  3.954E-44
   58.0000  4.009E-44
   59.0000  4.060E-44
   60.0000  4.109E-44
   61.0000  4.154E-44
   62.0000  4.196E-44
   63.0000  4.234E-44
   64.0000  4.269E-44
   65.0000  4.301E-44
   66.0000  4.329E-44
   67.0000  4.355E-44
   68.0000  4.377E-44
   69.0000  4.395E-44
   70.0000  4.411E-44
   71.0000  4.424E-44
   72.0000  4.433E-44
   73.0000  4.440E-44
   74.0000  4.443E-44
   75.0000  4.444E-44
   76.0000  4.442E-44
   77.0000  4.438E-44
   78.0000  4.430E-44
   79.0000  4.421E-44
   80.0000  4.409E-44
   81.0000  4.395E-44
   82.0000  4.378E-44
   83.0000  4.360E-44
   84.0000  4.339E-44
   85.0000  4.317E-44
   86.0000  4.292E-44
   87.0000  4.267E-44
   88.0000  4.239E-44
   89.0000  4.210E-44
   90.0000  4.180E-44
   91.0000  4.148E-44
   92.0000  4.115E-44
   93.0000  4.081E-44
   94.0000  4.046E-44
   95.0000  4.010E-44
   96.0000  3.973E-44
   97.0000  3.935E-44
   98.0000  3.896E-44
   99.0000  3.857E-44
  100.0000  3.828E-44
  101.0000  3.798E-44
  102.0000  3.767E-44
  103.0000  3.736E-44
  104.0000  3.704E-44
  105.0000  3.672E-44
  106.0000  3.638E-44
  107.0000  3.605E-44
  108.0000  3.571E-44
  109.0000  3.536E-44
  110.0000  3.501E-44
  111.0000  3.466E-44
  112.0000  3.430E-44
  113.0000  3.394E-44
  114.0000  3.358E-44
  115.0000  3.321E-44
  116.0000  3.284E-44
  117.0000  3.247E-44
  118.0000  3.210E-44
  119.0000  3.173E-44
  120.0000  3.136E-44
  121.0000  3.098E-44
  122.0000  3.061E-44
  123.0000  3.024E-44
  124.0000  2.986E-44
  125.0000  2.949E-44
  126.0000  2.911E-44
  127.0000  2.874E-44
  128.0000  2.836E-44
  129.0000  2.799E-44
  130.0000  2.762E-44
  131.0000  2.725E-44
  132.0000  2.688E-44
  133.0000  2.651E-44
  134.0000  2.615E-44
  135.0000  2.578E-44
  136.0000  2.542E-44
  137.0000  2.506E-44
  138.0000  2.470E-44
  139.0000  2.435E-44
  140.0000  2.399E-44
  141.0000  2.364E-44
  142.0000  2.330E-44
  143.0000  2.295E-44
  144.0000  2.261E-44
  145.0000  2.227E-44
  146.0000  2.193E-44
  147.0000  2.160E-44
  148.0000  2.126E-44
  149.0000  2.094E-44
  150.0000  2.061E-44
  151.0000  2.029E-44
  152.0000  1.997E-44
  153.0000  1.965E-44
  154.0000  1.934E-44
  155.0000  1.903E-44
  156.0000  1.873E-44
  157.0000  1.842E-44
  158.0000  1.812E-44
  159.0000  1.783E-44
  160.0000  1.754E-44
  161.0000  1.725E-44
  162.0000  1.696E-44
  163.0000  1.668E-44
  164.0000  1.640E-44
  165.0000  1.613E-44
  166.0000  1.586E-44
  167.0000  1.559E-44
  168.0000  1.532E-44
  169.0000  1.506E-44
  170.0000  1.480E-44
  171.0000  1.455E-44
  172.0000  1.430E-44
  173.0000  1.405E-44
  174.0000  1.381E-44
  175.0000  1.357E-44
  176.0000  1.333E-44
  177.0000  1.309E-44
  178.0000  1.286E-44
  179.0000  1.264E-44
  180.0000  1.241E-44
  181.0000  1.219E-44
  182.0000  1.197E-44
  183.0000  1.176E-44
  184.0000  1.155E-44
  185.0000  1.134E-44
  186.0000  1.114E-44
  187.0000  1.093E-44
  188.0000  1.073E-44
  189.0000  1.054E-44
  190.0000  1.035E-44
  191.0000  1.016E-44
  192.0000  9.971E-45
  193.0000  9.787E-45
  194.0000  9.607E-45
  195.0000  9.429E-45
  196.0000  9.254E-45
  197.0000  9.082E-45
  198.0000  8.913E-45
  199.0000  8.746E-45
  200.0000  8.583E-45
  201.0000  8.422E-45
  202.0000  8.263E-45
  203.0000  8.107E-45
  204.0000  7.954E-45
  205.0000  7.804E-45
  206.0000  7.656E-45
  207.0000  7.510E-45
  208.0000  7.367E-45
  209.0000  7.227E-45
  210.0000  7.088E-45
  211.0000  6.953E-45
  212.0000  6.819E-45
  213.0000  6.688E-45
  214.0000  6.559E-45
  215.0000  6.433E-45
  216.0000  6.308E-45
  217.0000  6.186E-45
  218.0000  6.066E-45
  219.0000  5.948E-45
  220.0000  5.832E-45
  221.0000  5.719E-45
  222.0000  5.607E-45
  223.0000  5.497E-45
  224.0000  5.389E-45
  225.0000  5.284E-45
  226.0000  5.180E-45
  227.0000  5.078E-45
  228.0000  4.978E-45
  229.0000  4.879E-45
  230.0000  4.783E-45
  231.0000  4.688E-45
  232.0000  4.595E-45
  233.0000  4.504E-45
  234.0000  4.414E-45
  235.0000  4.326E-45
  236.0000  4.240E-45
  237.0000  4.155E-45
  238.0000  4.072E-45
  239.0000  3.991E-45
  240.0000  3.911E-45
  241.0000  3.832E-45
  242.0000  3.755E-45
  243.0000  3.680E-45
  244.0000  3.605E-45
  245.0000  3.533E-45
  246.0000  3.461E-45
  247.0000  3.391E-45
  248.0000  3.323E-45
  249.0000  3.255E-45
  250.0000  3.189E-45
             CO2-CO2     1.000   250.000    250  700.0 4.185E-44 -.999                            20
    1.0000  1.705E-47
    2.0000  6.818E-47
    3.0000  1.533E-46
    4.0000  2.722E-46
    5.0000  4.247E-46
    6.0000  6.106E-46
    7.0000  8.294E-46
    8.0000  1.081E-45
    9.0000  1.364E-45
   10.0000  1.679E-45
   11.0000  2.025E-45
   12.0000  2.402E-45
   13.0000  2.808E-45
   14.0000  3.243E-45
   15.0000  3.706E-45
   16.0000  4.196E-45
   17.0000  4.713E-45
   18.0000  5.255E-45
   19.0000  5.822E-45
   20.0000  6.412E-45
   21.0000  7.025E-45
   22.0000  7.659E-45
   23.0000  8.314E-45
   24.0000  8.988E-45
   25.0000  9.679E-45
   26.0000  1.039E-44
   27.0000  1.111E-44
   28.0000  1.185E-44
   29.0000  1.260E-44
   30.0000  1.337E-44
   31.0000  1.414E-44
   32.0000  1.492E-44
   33.0000  1.572E-44
   34.0000  1.652E-44
   35.0000  1.732E-44
   36.0000  1.813E-44
   37.0000  1.894E-44
   38.0000  1.976E-44
   39.0000  2.057E-44
   40.0000  2.139E-44
   41.0000  2.220E-44
   42.0000  2.301E-44
   43.0000  2.382E-44
   44.0000  2.462E-44
   45.0000  2.542E-44
   46.0000  2.621E-44
   47.0000  2.699E-44
   48.0000  2.776E-44
   49.0000  2.852E-44
   50.0000  2.926E-44
   51.0000  2.999E-44
   52.0000  3.070E-44
   53.0000  3.139E-44
   54.0000  3.207E-44
   55.0000  3.273E-44
   56.0000  3.337E-44
   57.0000  3.398E-44
   58.0000  3.458E-44
   59.0000  3.516E-44
   60.0000  3.571E-44
   61.0000  3.624E-44
   62.0000  3.675E-44
   63.0000  3.723E-44
   64.0000  3.769E-44
   65.0000  3.813E-44
   66.0000  3.854E-44
   67.0000  3.893E-44
   68.0000  3.929E-44
   69.0000  3.963E-44
   70.0000  3.994E-44
   71.0000  4.023E-44
   72.0000  4.050E-44
   73.0000  4.074E-44
   74.0000  4.095E-44
   75.0000  4.115E-44
   76.0000  4.131E-44
   77.0000  4.146E-44
   78.0000  4.158E-44
   79.0000  4.168E-44
   80.0000  4.175E-44
   81.0000  4.181E-44
   82.0000  4.184E-44
   83.0000  4.185E-44
   84.0000  4.184E-44
   85.0000  4.182E-44
   86.0000  4.177E-44
   87.0000  4.170E-44
   88.0000  4.162E-44
   89.0000  4.152E-44
   90.0000  4.140E-44
   91.0000  4.126E-44
   92.0000  4.111E-44
   93.0000  4.094E-44
   94.0000  4.076E-44
   95.0000  4.056E-44
   96.0000  4.036E-44
   97.0000  4.014E-44
   98.0000  3.990E-44
   99.0000  3.966E-44
  100.0000  3.947E-44
  101.0000  3.927E-44
  102.0000  3.906E-44
  103.0000  3.884E-44
  104.0000  3.861E-44
  105.0000  3.837E-44
  106.0000  3.813E-44
  107.0000  3.787E-44
  108.0000  3.761E-44
  109.0000  3.734E-44
  110.0000  3.706E-44
  111.0000  3.678E-44
  112.0000  3.649E-44
  113.0000  3.619E-44
  114.0000  3.589E-44
  115.0000  3.558E-44
  116.0000  3.527E-44
  117.0000  3.495E-44
  118.0000  3.463E-44
  119.0000  3.430E-44
  120.0000  3.397E-44
  121.0000  3.364E-44
  122.0000  3.330E-44
  123.0000  3.296E-44
  124.0000  3.262E-44
  125.0000  3.227E-44
  126.0000  3.192E-44
  127.0000  3.158E-44
  128.0000  3.122E-44
  129.0000  3.087E-44
  130.0000  3.052E-44
  131.0000  3.016E-44
  132.0000  2.981E-44
  133.0000  2.945E-44
  134.0000  2.910E-44
  135.0000  2.874E-44
  136.0000  2.839E-44
  137.0000  2.803E-44
  138.0000  2.767E-44
  139.0000  2.732E-44
  140.0000  2.696E-44
  141.0000  2.661E-44
  142.0000  2.626E-44
  143.0000  2.591E-44
  144.0000  2.556E-44
  145.0000  2.521E-44
  146.0000  2.486E-44
  147.0000  2.452E-44
  148.0000  2.417E-44
  149.0000  2.383E-44
  150.0000  2.349E-44
  151.0000  2.316E-44
  152.0000  2.282E-44
  153.0000  2.249E-44
  154.0000  2.216E-44
  155.0000  2.183E-44
  156.0000  2.150E-44
  157.0000  2.118E-44
  158.0000  2.086E-44
  159.0000  2.054E-44
  160.0000  2.023E-44
  161.0000  1.992E-44
  162.0000  1.961E-44
  163.0000  1.930E-44
  164.0000  1.900E-44
  165.0000  1.870E-44
  166.0000  1.840E-44
  167.0000  1.810E-44
  168.0000  1.781E-44
  169.0000  1.753E-44
  170.0000  1.724E-44
  171.0000  1.696E-44
  172.0000  1.668E-44
  173.0000  1.640E-44
  174.0000  1.613E-44
  175.0000  1.586E-44
  176.0000  1.560E-44
  177.0000  1.534E-44
  178.0000  1.508E-44
  179.0000  1.482E-44
  180.0000  1.457E-44
  181.0000  1.432E-44
  182.0000  1.407E-44
  183.0000  1.383E-44
  184.0000  1.359E-44
  185.0000  1.335E-44
  186.0000  1.312E-44
  187.0000  1.289E-44
  188.0000  1.266E-44
  189.0000  1.244E-44
  190.0000  1.222E-44
  191.0000  1.200E-44
  192.0000  1.179E-44
  193.0000  1.157E-44
  194.0000  1.137E-44
  195.0000  1.116E-44
  196.0000  1.096E-44
  197.0000  1.076E-44
  198.0000  1.056E-44
  199.0000  1.037E-44
  200.0000  1.018E-44
  201.0000  9.992E-45
  202.0000  9.808E-45
  203.0000  9.626E-45
  204.0000  9.448E-45
  205.0000  9.272E-45
  206.0000  9.099E-45
  207.0000  8.928E-45
  208.0000  8.761E-45
  209.0000  8.596E-45
  210.0000  8.434E-45
  211.0000  8.274E-45
  212.0000  8.117E-45
  213.0000  7.963E-45
  214.0000  7.811E-45
  215.0000  7.662E-45
  216.0000  7.515E-45
  217.0000  7.371E-45
  218.0000  7.229E-45
  219.0000  7.090E-45
  220.0000  6.952E-45
  221.0000  6.818E-45
  222.0000  6.685E-45
  223.0000  6.555E-45
  224.0000  6.427E-45
  225.0000  6.302E-45
  226.0000  6.178E-45
  227.0000  6.057E-45
  228.0000  5.938E-45
  229.0000  5.821E-45
  230.0000  5.706E-45
  231.0000  5.593E-45
  232.0000  5.482E-45
  233.0000  5.374E-45
  234.0000  5.267E-45
  235.0000  5.162E-45
  236.0000  5.059E-45
  237.0000  4.958E-45
  238.0000  4.858E-45
  239.0000  4.761E-45
  240.0000  4.665E-45
  241.0000  4.571E-45
  242.0000  4.479E-45
  243.0000  4.388E-45
  244.0000  4.300E-45
  245.0000  4.212E-45
  246.0000  4.127E-45
  247.0000  4.043E-45
  248.0000  3.961E-45
  249.0000  3.880E-45
  250.0000  3.801E-45
             CO2-CO2     1.000   250.000    250  800.0 4.140E-44 -.999                            20
    1.0000  1.432E-47
    2.0000  5.726E-47
    3.0000  1.287E-46
    4.0000  2.286E-46
    5.0000  3.568E-46
    6.0000  5.130E-46
    7.0000  6.971E-46
    8.0000  9.086E-46
    9.0000  1.147E-45
   10.0000  1.413E-45
   11.0000  1.704E-45
   12.0000  2.022E-45
   13.0000  2.365E-45
   14.0000  2.733E-45
   15.0000  3.124E-45
   16.0000  3.540E-45
   17.0000  3.978E-45
   18.0000  4.439E-45
   19.0000  4.921E-45
   20.0000  5.423E-45
   21.0000  5.946E-45
   22.0000  6.488E-45
   23.0000  7.048E-45
   24.0000  7.625E-45
   25.0000  8.219E-45
   26.0000  8.829E-45
   27.0000  9.453E-45
   28.0000  1.009E-44
   29.0000  1.074E-44
   30.0000  1.141E-44
   31.0000  1.208E-44
   32.0000  1.276E-44
   33.0000  1.346E-44
   34.0000  1.416E-44
   35.0000  1.486E-44
   36.0000  1.558E-44
   37.0000  1.630E-44
   38.0000  1.702E-44
   39.0000  1.774E-44
   40.0000  1.847E-44
   41.0000  1.920E-44
   42.0000  1.993E-44
   43.0000  2.066E-44
   44.0000  2.139E-44
   45.0000  2.211E-44
   46.0000  2.283E-44
   47.0000  2.355E-44
   48.0000  2.426E-44
   49.0000  2.497E-44
   50.0000  2.567E-44
   51.0000  2.636E-44
   52.0000  2.704E-44
   53.0000  2.771E-44
   54.0000  2.837E-44
   55.0000  2.902E-44
   56.0000  2.966E-44
   57.0000  3.028E-44
   58.0000  3.089E-44
   59.0000  3.149E-44
   60.0000  3.207E-44
   61.0000  3.264E-44
   62.0000  3.319E-44
   63.0000  3.373E-44
   64.0000  3.425E-44
   65.0000  3.475E-44
   66.0000  3.524E-44
   67.0000  3.570E-44
   68.0000  3.616E-44
   69.0000  3.659E-44
   70.0000  3.700E-44
   71.0000  3.740E-44
   72.0000  3.777E-44
   73.0000  3.813E-44
   74.0000  3.847E-44
   75.0000  3.879E-44
   76.0000  3.909E-44
   77.0000  3.937E-44
   78.0000  3.964E-44
   79.0000  3.988E-44
   80.0000  4.011E-44
   81.0000  4.031E-44
   82.0000  4.050E-44
   83.0000  4.067E-44
   84.0000  4.082E-44
   85.0000  4.095E-44
   86.0000  4.107E-44
   87.0000  4.117E-44
   88.0000  4.125E-44
   89.0000  4.131E-44
   90.0000  4.135E-44
   91.0000  4.138E-44
   92.0000  4.140E-44
   93.0000  4.139E-44
   94.0000  4.137E-44
   95.0000  4.134E-44
   96.0000  4.129E-44
   97.0000  4.123E-44
   98.0000  4.115E-44
   99.0000  4.106E-44
  100.0000  4.098E-44
  101.0000  4.088E-44
  102.0000  4.078E-44
  103.0000  4.066E-44
  104.0000  4.053E-44
  105.0000  4.039E-44
  106.0000  4.023E-44
  107.0000  4.007E-44
  108.0000  3.990E-44
  109.0000  3.971E-44
  110.0000  3.952E-44
  111.0000  3.931E-44
  112.0000  3.910E-44
  113.0000  3.888E-44
  114.0000  3.865E-44
  115.0000  3.841E-44
  116.0000  3.816E-44
  117.0000  3.791E-44
  118.0000  3.765E-44
  119.0000  3.738E-44
  120.0000  3.710E-44
  121.0000  3.682E-44
  122.0000  3.654E-44
  123.0000  3.624E-44
  124.0000  3.594E-44
  125.0000  3.564E-44
  126.0000  3.533E-44
  127.0000  3.502E-44
  128.0000  3.470E-44
  129.0000  3.438E-44
  130.0000  3.406E-44
  131.0000  3.373E-44
  132.0000  3.340E-44
  133.0000  3.307E-44
  134.0000  3.273E-44
  135.0000  3.239E-44
  136.0000  3.205E-44
  137.0000  3.171E-44
  138.0000  3.136E-44
  139.0000  3.102E-44
  140.0000  3.067E-44
  141.0000  3.032E-44
  142.0000  2.997E-44
  143.0000  2.962E-44
  144.0000  2.927E-44
  145.0000  2.892E-44
  146.0000  2.857E-44
  147.0000  2.821E-44
  148.0000  2.786E-44
  149.0000  2.751E-44
  150.0000  2.716E-44
  151.0000  2.681E-44
  152.0000  2.646E-44
  153.0000  2.612E-44
  154.0000  2.577E-44
  155.0000  2.542E-44
  156.0000  2.508E-44
  157.0000  2.474E-44
  158.0000  2.439E-44
  159.0000  2.405E-44
  160.0000  2.372E-44
  161.0000  2.338E-44
  162.0000  2.305E-44
  163.0000  2.271E-44
  164.0000  2.238E-44
  165.0000  2.206E-44
  166.0000  2.173E-44
  167.0000  2.141E-44
  168.0000  2.109E-44
  169.0000  2.077E-44
  170.0000  2.045E-44
  171.0000  2.014E-44
  172.0000  1.983E-44
  173.0000  1.952E-44
  174.0000  1.922E-44
  175.0000  1.892E-44
  176.0000  1.862E-44
  177.0000  1.832E-44
  178.0000  1.803E-44
  179.0000  1.774E-44
  180.0000  1.745E-44
  181.0000  1.717E-44
  182.0000  1.689E-44
  183.0000  1.661E-44
  184.0000  1.634E-44
  185.0000  1.606E-44
  186.0000  1.579E-44
  187.0000  1.553E-44
  188.0000  1.527E-44
  189.0000  1.501E-44
  190.0000  1.475E-44
  191.0000  1.450E-44
  192.0000  1.425E-44
  193.0000  1.400E-44
  194.0000  1.376E-44
  195.0000  1.352E-44
  196.0000  1.328E-44
  197.0000  1.305E-44
  198.0000  1.282E-44
  199.0000  1.259E-44
  200.0000  1.237E-44
  201.0000  1.215E-44
  202.0000  1.193E-44
  203.0000  1.171E-44
  204.0000  1.150E-44
  205.0000  1.129E-44
  206.0000  1.109E-44
  207.0000  1.088E-44
  208.0000  1.068E-44
  209.0000  1.049E-44
  210.0000  1.029E-44
  211.0000  1.010E-44
  212.0000  9.913E-45
  213.0000  9.727E-45
  214.0000  9.545E-45
  215.0000  9.365E-45
  216.0000  9.189E-45
  217.0000  9.015E-45
  218.0000  8.844E-45
  219.0000  8.675E-45
  220.0000  8.510E-45
  221.0000  8.347E-45
  222.0000  8.186E-45
  223.0000  8.029E-45
  224.0000  7.873E-45
  225.0000  7.721E-45
  226.0000  7.571E-45
  227.0000  7.423E-45
  228.0000  7.278E-45
  229.0000  7.136E-45
  230.0000  6.996E-45
  231.0000  6.858E-45
  232.0000  6.723E-45
  233.0000  6.590E-45
  234.0000  6.459E-45
  235.0000  6.331E-45
  236.0000  6.204E-45
  237.0000  6.080E-45
  238.0000  5.959E-45
  239.0000  5.839E-45
  240.0000  5.722E-45
  241.0000  5.606E-45
  242.0000  5.493E-45
  243.0000  5.382E-45
  244.0000  5.273E-45
  245.0000  5.165E-45
  246.0000  5.060E-45
  247.0000  4.957E-45
  248.0000  4.855E-45
  249.0000  4.756E-45
  250.0000  4.658E-45
