0.1151	6.64E-16
0.1152	4.87E-16
0.1154	3.67E-16
0.1156	5.54E-16
0.1157	3.92E-16
0.1159	3.37E-16
0.1161	3.24E-16
0.1162	4.11E-16
0.1164	1.77E-16
0.1166	1.8E-16
0.1167	2.65E-16
0.1169	2.35E-16
0.1171	2.69E-16
0.1172	2.1E-16
0.1174	2.27E-16
0.1176	2.24E-16
0.1177	1.9E-16
0.1179	1.49E-16
0.1181	1.57E-16
0.1182	1.36E-16
0.1184	1.63E-16
0.1186	1.54E-16
0.1187	1.79E-16
0.1189	1.37E-16
0.1191	1.31E-16
0.1192	1.21E-16
0.1194	7.33E-17
0.1196	6.98E-17
0.1198	1.22E-16
0.1199	9.87E-17
0.1201	1.13E-16
0.1203	1.42E-16
0.1204	1.58E-16
0.1206	1.63E-16
0.1208	1.61E-16
0.1209	3.06E-16
0.1211	5.31E-16
0.1213	8.21E-16
0.1214	9.75E-16
0.1216	9.98E-16
0.1218	8.11E-16
0.1219	5.19E-16
0.1221	3.56E-16
0.1223	2.14E-16
0.1224	1.22E-16
0.1226	8.58E-17
0.1228	7.81E-17
0.1229	9.28E-17
0.1231	8.21E-17
0.1233	6.51E-17
0.1234	8.93E-17
0.1236	5.81E-17
0.1238	6.49E-17
0.1239	7.6E-17
0.1241	7.03E-17
0.1243	6.63E-17
0.1244	7.21E-17
0.1246	8.23E-17
0.1248	9.33E-17
0.1249	8.38E-17
0.1251	6.13E-17
0.1253	7.9E-17
0.1255	4.24E-17
0.1256	6.48E-17
0.1258	8.1E-17
0.126	6.03E-17
0.1261	7.95E-17
0.1263	6.14E-17
0.1265	6.23E-17
0.1266	6.53E-17
0.1268	7.56E-17
0.127	5.84E-17
0.1271	7.36E-17
0.1273	7.06E-17
0.1275	6.88E-17
0.1276	8.56E-17
0.1278	8.16E-17
0.128	7.2E-17
0.1281	7.78E-17
0.1283	6.66E-17
0.1285	7.95E-17
0.1286	8.03E-17
0.1288	6.53E-17
0.129	7.65E-17
0.1291	9.42E-17
0.1293	8.73E-17
0.1295	8.92E-17
0.1296	8.35E-17
0.1298	1.08E-16
0.13	6.79E-17
0.1301	9.07E-17
0.1303	8.58E-17
0.1305	7.26E-17
0.1306	8.11E-17
0.1308	6.69E-17
0.131	7.55E-17
0.1312	6.48E-17
0.1313	6.36E-17
0.1315	6.73E-17
0.1317	9.15E-17
0.1318	7.26E-17
0.132	7.38E-17
0.1322	6.41E-17
0.1323	7.08E-17
0.1325	8.3E-17
0.1327	7.33E-17
0.1328	9.08E-17
0.133	6.39E-17
0.1332	1.22E-16
0.1333	1.24E-16
0.1335	1.51E-16
0.1337	1.12E-16
0.1338	9.67E-17
0.134	6.68E-17
0.1342	9.88E-17
0.1343	8.21E-17
0.1345	9.37E-17
0.1347	8.05E-17
0.1348	5.79E-17
0.135	7.75E-17
0.1352	6.95E-17
0.1353	9E-17
0.1355	1.02E-16
0.1357	9.33E-17
0.1358	8E-17
0.136	9.78E-17
0.1362	9.38E-17
0.1363	1.35E-16
0.1365	1.09E-16
0.1367	9.13E-17
0.1369	1.05E-16
0.137	1E-16
0.1372	9.93E-17
0.1374	8.71E-17
0.1375	1.07E-16
0.1377	8.33E-17
0.1379	1.09E-16
0.138	1.01E-16
0.1382	1.22E-16
0.1384	1.05E-16
0.1385	9.78E-17
0.1387	1.42E-16
0.1389	1.22E-16
0.139	1.16E-16
0.1392	1.09E-16
0.1394	1.39E-16
0.1395	1.5E-16
0.1397	1.69E-16
0.1399	9.27E-17
0.14	1.17E-16
0.1402	1.15E-16
0.1404	1.07E-16
0.1405	1.32E-16
0.1407	1.15E-16
0.1409	1.62E-16
0.141	1.56E-16
0.1412	1.25E-16
0.1414	1.11E-16
0.1415	1.03E-16
0.1417	1.19E-16
0.1419	1.35E-16
0.142	1.38E-16
0.1422	1.64E-16
0.1424	1.33E-16
0.1426	1.24E-16
0.1427	1.45E-16
0.1429	1.35E-16
0.1431	1.5E-16
0.1432	1.37E-16
0.1434	1.4E-16
0.1436	1.58E-16
0.1437	1.42E-16
0.1439	1.38E-16
0.1441	1.7E-16
0.1442	1.52E-16
0.1444	1.42E-16
0.1446	1.36E-16
0.1447	1.8E-16
0.1449	1.57E-16
0.1451	1.64E-16
0.1452	1.74E-16
0.1454	1.74E-16
0.1456	1.74E-16
0.1457	1.6E-16
0.1459	1.89E-16
0.1461	2.07E-16
0.1462	1.95E-16
0.1464	1.84E-16
0.1466	1.97E-16
0.1467	2.29E-16
0.1469	2.24E-16
0.1471	2E-16
0.1472	1.97E-16
0.1474	1.77E-16
0.1476	1.87E-16
0.1477	1.89E-16
0.1479	2.34E-16
0.1481	2.29E-16
0.1483	1.95E-16
0.1484	1.84E-16
0.1486	1.99E-16
0.1488	2.09E-16
0.1489	2.15E-16
0.1491	2.09E-16
0.1493	2.52E-16
0.1494	2.47E-16
0.1496	2.37E-16
0.1498	2.25E-16
0.1499	2.05E-16
0.1501	1.97E-16
0.1503	2.02E-16
0.1504	2.12E-16
0.1506	1.92E-16
0.1508	2.17E-16
0.1509	2.32E-16
0.1511	2.1E-16
0.1513	2.12E-16
0.1514	2.07E-16
0.1516	2.2E-16
0.1518	2.6E-16
0.1519	2.49E-16
0.1521	2.24E-16
0.1523	2.29E-16
0.1524	2.47E-16
0.1526	2.4E-16
0.1528	2.2E-16
0.1529	2.42E-16
0.1531	2.47E-16
0.1533	2.42E-16
0.1534	2.7E-16
0.1536	2.62E-16
0.1538	2.52E-16
0.154	2.64E-16
0.1541	2.62E-16
0.1543	2.72E-16
0.1545	2.85E-16
0.1546	3.37E-16
0.1548	3.52E-16
0.155	3.72E-16
0.1551	3.06E-16
0.1553	2.96E-16
0.1555	2.97E-16
0.1556	2.8E-16
0.1558	3.02E-16
0.156	3.19E-16
0.1561	2.96E-16
0.1563	3.11E-16
0.1565	3.59E-16
0.1566	3.26E-16
0.1568	3.29E-16
0.157	3.04E-16
0.1571	3.31E-16
0.1573	3.17E-16
0.1575	3.39E-16
0.1576	3.16E-16
0.1578	3.39E-16
0.158	3.67E-16
0.1581	3.69E-16
0.1583	3.77E-16
0.1585	3.72E-16
0.1586	3.49E-16
0.1588	3.16E-16
0.159	3.67E-16
0.1591	3.16E-16
0.1593	3.41E-16
0.1595	3.51E-16
0.1596	3.77E-16
0.1598	3.84E-16
0.16	3.67E-16
0.1602	3.62E-16
0.1603	3.96E-16
0.1605	3.54E-16
0.1607	3.74E-16
0.1608	4.04E-16
0.161	4.11E-16
0.1612	3.82E-16
0.1613	4.16E-16
0.1615	3.66E-16
0.1617	3.89E-16
0.1618	4.31E-16
0.162	4.19E-16
0.1622	4.07E-16
0.1623	4.21E-16
0.1625	4.61E-16
0.1627	4.51E-16
0.1628	4.59E-16
0.163	4.41E-16
0.1632	4.37E-16
0.1633	4.37E-16
0.1635	4.69E-16
0.1637	4.74E-16
0.1638	5.06E-16
0.164	4.87E-16
0.1642	5.39E-16
0.1643	5.14E-16
0.1645	5.18E-16
0.1647	5.01E-16
0.1648	4.77E-16
0.165	4.81E-16
0.1652	4.99E-16
0.1653	4.98E-16
0.1655	4.93E-16
0.1657	5.24E-16
0.1659	5.16E-16
0.166	5.43E-16
0.1662	5.78E-16
0.1664	6.01E-16
0.1665	6.21E-16
0.1667	5.81E-16
0.1669	6.04E-16
0.167	5.66E-16
0.1672	5.98E-16
0.1674	6.18E-16
0.1675	6.71E-16
0.1677	7.11E-16
0.1679	7.18E-16
0.168	7.1E-16
0.1682	7.3E-16
0.1684	7.63E-16
0.1685	7.76E-16
0.1687	8.26E-16
0.1689	8.2E-16
0.169	8.33E-16
0.1692	9.22E-16
0.1694	1.01E-15
0.1695	1.11E-15
0.1697	1.27E-15
0.1699	1.38E-15
0.17	1.53E-15
0.1702	1.62E-15
0.1704	1.69E-15
0.1705	1.84E-15
0.1707	2.12E-15
0.1709	2.47E-15
0.171	2.47E-15
0.1712	2.4E-15
0.1714	2.65E-15
0.1716	3.01E-15
0.1717	3.27E-15
0.1719	3.04E-15
0.1721	2.35E-15
0.1722	2.44E-15
0.1724	2.42E-15
0.1726	2.8E-15
0.1727	3.37E-15
0.1729	3.57E-15
0.1731	3.49E-15
0.1732	3.34E-15
0.1734	3.26E-15
0.1736	3.06E-15
0.1737	2.94E-15
0.1739	3.19E-15
0.1741	3.32E-15
0.1742	3.36E-15
0.1744	3.54E-15
0.1746	3.57E-15
0.1747	3.87E-15
0.1749	4.09E-15
0.1751	4.21E-15
0.1752	4.41E-15
0.1754	4.64E-15
0.1756	4.44E-15
0.1757	4.64E-15
0.1759	4.16E-15
0.1761	3.97E-15
0.1762	4.11E-15
0.1764	3.61E-15
0.1766	3.96E-15
0.1767	4.39E-15
0.1769	4.61E-15
0.1771	4.89E-15
0.1773	5.13E-15
0.1774	5.08E-15
0.1776	5.66E-15
0.1778	5.61E-15
0.1779	5.99E-15
0.1781	5.69E-15
0.1783	5.33E-15
0.1784	4.99E-15
0.1786	5.34E-15
0.1788	5.53E-15
0.1789	5.71E-15
0.1791	6.41E-15
0.1793	5.33E-15
0.1794	5.76E-15
0.1796	5.63E-15
0.1798	5.36E-15
0.1799	5.64E-15
0.1801	5.84E-15
0.1803	5.38E-15
0.1804	5.16E-15
0.1806	4.87E-15
0.1808	4.42E-15
0.1809	4.76E-15
0.1811	5.63E-15
0.1813	5.51E-15
0.1814	5.54E-15
0.1816	6.14E-15
0.1818	6.23E-15
0.1819	6.19E-15
0.1821	7.13E-15
0.1823	6.71E-15
0.1824	5.83E-15
0.1826	5.69E-15
0.1828	6.06E-15
0.183	6.49E-15
0.1831	6.36E-15
0.1833	6.56E-15
0.1835	6.34E-15
0.1836	5.54E-15
0.1838	5.58E-15
0.184	5.78E-15
0.1841	5.29E-15
0.1843	5.21E-15
0.1845	4.87E-15
0.1846	4.44E-15
0.1848	4.17E-15
0.185	4.37E-15
0.1851	4.62E-15
0.1853	5.21E-15
0.1855	5.26E-15
0.1856	5.94E-15
0.1858	6.43E-15
0.186	5.94E-15
0.1861	6.88E-15
0.1863	6.54E-15
0.1865	7.23E-15
0.1866	7.98E-15
0.1868	8.28E-15
0.187	8.03E-15
0.1871	7.38E-15
0.1873	7.18E-15
0.1875	7.08E-15
0.1876	7.35E-15
0.1878	8.15E-15
0.188	8.18E-15
0.1881	8.6E-15
0.1883	8.92E-15
0.1885	8.46E-15
0.1887	8.38E-15
0.1888	7.96E-15
0.189	8.45E-15
0.1892	8.5E-15
0.1893	8.45E-15
0.1895	8.51E-15
0.1897	8.33E-15
0.1898	7.68E-15
0.19	7.33E-15
0.1902	7.53E-15
0.1903	8.23E-15
0.1905	8.1E-15
0.1907	7.86E-15
0.1908	8.16E-15
0.191	8.48E-15
0.1912	8.38E-15
0.1913	8.15E-15
0.1915	8.85E-15
0.1917	9.4E-15
0.1918	8.92E-15
0.192	9.18E-15
0.1922	9.42E-15
0.1923	8.01E-15
0.1925	7.65E-15
0.1927	7.16E-15
0.1928	6.01E-15
0.193	5.28E-15
0.1932	4.81E-15
0.1933	5.29E-15
0.1935	5.83E-15
0.1937	6.71E-15
0.1938	7.51E-15
0.194	8.73E-15
0.1942	8.6E-15
0.1944	9.07E-15
0.1945	9.38E-15
0.1947	8.92E-15
0.1949	9.43E-15
0.195	9.52E-15
0.1952	9.17E-15
0.1954	9.77E-15
0.1955	9.62E-15
0.1957	9.18E-15
0.1959	8.7E-15
0.196	8.66E-15
0.1962	9.02E-15
0.1964	8.75E-15
0.1965	8.73E-15
0.1967	9.17E-15
0.1969	9.12E-15
0.197	9.13E-15
0.1972	8.5E-15
0.1974	8.06E-15
0.1975	8.98E-15
0.1977	9.35E-15
0.1979	9.33E-15
0.198	9.29E-15
0.1982	1.24E-14
0.1985	1.02E-14
0.1988	1.03E-14
0.199	9.95E-15
0.1993	9.98E-15
0.1996	1.04E-14
0.1998	1.01E-14
0.2001	1.07E-14
0.2004	1E-14
0.2006	1.19E-14
0.2009	1.06E-14
0.2012	1.02E-14
0.2014	1.34E-14
0.2017	1.13E-14
0.202	1.21E-14
0.2022	1.2E-14
0.2025	1.17E-14
0.2028	1.15E-14
0.203	1.29E-14
0.2033	1.21E-14
0.2036	1.31E-14
0.2038	1.31E-14
0.2041	1.31E-14
0.2044	1.53E-14
0.2046	1.66E-14
0.2049	1.53E-14
0.2052	1.56E-14
0.2054	1.55E-14
0.2057	1.43E-14
0.206	1.53E-14
0.2062	1.28E-14
0.2065	1.56E-14
0.2068	1.5E-14
0.207	1.67E-14
0.2073	1.72E-14
0.2076	1.99E-14
0.2078	2.05E-14
0.2081	2.06E-14
0.2084	1.79E-14
0.2086	1.81E-14
0.2089	1.88E-14
0.2092	1.68E-14
0.2094	1.8E-14
0.2097	1.82E-14
0.21	1.71E-14
0.2102	1.84E-14
0.2105	1.7E-14
0.2108	1.74E-14
0.211	1.17E-14
0.2113	1.62E-14
0.2116	1.82E-14
0.2118	2.16E-14
0.2121	2.14E-14
0.2124	1.43E-14
0.2126	1.59E-14
0.2129	1.59E-14
0.2132	1.27E-14
0.2134	1.19E-14
0.2137	1.61E-14
0.214	1.32E-14
0.2142	1.99E-14
0.2145	1.9E-14
0.2148	1.5E-14
0.215	1.51E-14
0.2153	1.9E-14
0.2156	1.93E-14
0.2158	1.62E-14
0.2161	1.74E-14
0.2164	1.73E-14
0.2166	1.11E-14
0.2169	1.43E-14
0.2172	1.74E-14
0.2174	1.54E-14
0.2177	1.38E-14
0.218	1.83E-14
0.2182	2.19E-14
0.2185	1.77E-14
0.2188	1.44E-14
0.219	1.7E-14
0.2193	1.7E-14
0.2196	2.24E-14
0.2198	2.26E-14
0.2201	1.81E-14
0.2204	2.44E-14
0.2206	1.72E-14
0.2209	1.73E-14
0.2212	8.56E-15
0.2214	1.63E-14
0.2217	1.74E-14
0.222	1.92E-14
0.2222	1.99E-14
0.2225	2E-14
0.2228	1.56E-14
0.223	1.74E-14
0.2233	1.95E-14
0.2236	2.08E-14
0.2238	2.27E-14
0.2241	2.32E-14
0.2244	1.91E-14
0.2246	1.82E-14
0.2249	1.54E-14
0.2252	1.51E-14
0.2254	1.17E-14
0.2257	1.47E-14
0.226	1.78E-14
0.2263	2E-14
0.2265	1.69E-14
0.2268	1.35E-14
0.2271	1.36E-14
0.2273	1.6E-14
0.2276	1.15E-14
0.2279	1.27E-14
0.2281	2.06E-14
0.2284	1.95E-14
0.2287	2.13E-14
0.2289	1.76E-14
0.2292	1.69E-14
0.2295	1.75E-14
0.2297	1.43E-14
0.23	1.1E-14
0.2303	1.6E-14
0.2305	1.86E-14
0.2308	2.1E-14
0.2311	1.92E-14
0.2313	1.37E-14
0.2316	1.98E-14
0.2319	1.91E-14
0.2321	1.42E-14
0.2324	1.93E-14
0.2327	1.47E-14
0.2329	1.52E-14
0.2332	1.35E-14
0.2335	9.48E-15
0.2337	1.38E-14
0.234	8.11E-15
0.2343	1.02E-14
0.2345	9.72E-16
0.2348	3.15E-15
0.2351	1.15E-14
0.2353	1.51E-14
0.2356	1.43E-14
0.2359	1.49E-14
0.2361	7.34E-15
0.2364	1.31E-14
0.2367	8.28E-15
0.2369	1.19E-14
0.2372	1.51E-14
0.2375	1.18E-14
0.2377	1.44E-14
0.238	1.08E-14
0.2383	3.17E-15
0.2385	9.48E-15
0.2388	1.09E-14
0.2391	1.12E-14
0.2393	1.51E-14
0.2396	3.17E-15
0.2399	9.33E-15
0.2401	1.06E-14
0.2404	1.08E-14
0.2407	4.62E-15
0.2409	1.09E-14
0.2412	6.23E-15
0.2415	9.89E-15
0.2417	1.36E-14
0.242	1.69E-14
0.2423	2.06E-14
0.2425	1.71E-14
0.2428	1.96E-14
0.2431	1.79E-14
0.2433	1.77E-14
0.2436	1.54E-14
0.2439	1.73E-14
0.2441	1.66E-14
0.2444	1.95E-14
0.2447	1.52E-14
0.2449	1.58E-14
0.2452	1.46E-14
0.2455	1.46E-14
0.2457	1.66E-14
0.246	1.65E-14
0.2463	1.31E-14
0.2465	1.34E-14
0.2468	1.3E-14
0.2471	1.39E-14
0.2473	1.58E-14
0.2476	1.75E-14
0.2479	1.52E-14
0.2481	1.62E-14
0.2484	1.11E-14
0.2487	1.69E-14
0.2489	1.2E-14
0.2492	1.08E-14
0.2495	1.63E-14
0.2497	1.89E-14
0.25	2.02E-14
0.2503	1.84E-14
0.2505	1.95E-14
0.2508	1.55E-14
0.2511	1.88E-14
0.2513	1.45E-14
0.2516	1.04E-14
0.2519	1.1E-14
0.2521	1.26E-14
0.2524	8.97E-15
0.2527	1.03E-14
0.2529	9.17E-15
0.2532	1.34E-14
0.2535	1.28E-14
0.2537	1.17E-14
0.254	1.21E-14
0.2543	1.11E-14
0.2545	1.28E-14
0.2548	1.15E-14
0.2551	1.07E-14
0.2553	1.77E-14
0.2556	1.87E-14
0.2559	1.83E-14
0.2561	1.89E-14
0.2564	1.45E-14
0.2567	1.91E-14
0.2569	2.27E-14
0.2572	2.37E-14
0.2575	2.2E-14
0.2577	1.7E-14
0.258	2.29E-14
0.2583	2.08E-14
0.2585	1.93E-14
0.2588	2.03E-14
0.2591	2.58E-14
0.2594	1.95E-14
0.2596	2.16E-14
0.2599	1.22E-14
0.2602	1.55E-14
0.2604	2.14E-14
0.2607	1.05E-14
0.261	1.57E-14
0.2612	1.1E-14
0.2615	1.51E-14
0.2618	1.88E-14
0.262	2.04E-14
0.2623	2.16E-14
0.2626	1.95E-14
0.2628	1.66E-14
0.2631	1.4E-14
0.2634	1.74E-14
0.2636	2.93E-14
0.2639	3.09E-14
0.2642	3.26E-14
0.2644	3.79E-14
0.2647	3.42E-14
0.265	3.35E-14
0.2652	3.37E-14
0.2655	3.53E-14
0.2658	3.56E-14
0.266	3.21E-14
0.2663	3.01E-14
0.2666	2.84E-14
0.2668	2.7E-14
0.2671	2.81E-14
0.2674	2.72E-14
0.2676	3.26E-14
0.2679	2.79E-14
0.2682	3.01E-14
0.2684	3.1E-14
0.2687	3E-14
0.269	2.82E-14
0.2692	3.01E-14
0.2695	3E-14
0.2698	2.93E-14
0.27	2.96E-14
0.2703	3E-14
0.2706	3.19E-14
0.2708	2.97E-14
0.2711	2.89E-14
0.2714	2.92E-14
0.2716	2.79E-14
0.2719	2.84E-14
0.2722	3E-14
0.2724	2.81E-14
0.2727	2.63E-14
0.273	2.88E-14
0.2732	3.02E-14
0.2735	2.76E-14
0.2738	2.48E-14
0.274	2.14E-14
0.2743	2.01E-14
0.2746	2.07E-14
0.2748	1.75E-14
0.2751	1.75E-14
0.2754	2.46E-14
0.2756	1.89E-14
0.2759	2.75E-14
0.2762	2.72E-14
0.2764	2.71E-14
0.2767	2.89E-14
0.277	2.66E-14
0.2772	3.05E-14
0.2775	3.08E-14
0.2778	2.73E-14
0.278	2.35E-14
0.2783	2.44E-14
0.2786	2.42E-14
0.2788	2.34E-14
0.2791	1.45E-14
0.2794	8.32E-15
0.2796	5.17E-15
0.2799	6.44E-15
0.2802	7.46E-15
0.2804	7.98E-15
0.2807	1.49E-14
0.281	2.22E-14
0.2812	2.46E-14
0.2815	2.92E-14
0.2818	3.08E-14
0.282	3.38E-14
0.2823	3.43E-14
0.2826	3.59E-14
0.2828	3.61E-14
0.2831	3.57E-14
0.2834	3.46E-14
0.2836	3.07E-14
0.2839	3.35E-14
0.2842	2.99E-14
0.2844	3.06E-14
0.2847	3.01E-14
0.285	2.67E-14
0.2852	1.89E-14
0.2855	2.62E-14
0.2858	2.92E-14
0.286	3.48E-14
0.2863	3.43E-14
0.2866	3.4E-14
0.2868	3.09E-14
0.2871	3.15E-14
0.2874	3.47E-14
0.2876	3.42E-14
0.2879	3.22E-14
0.2882	2.83E-14
0.2884	3.32E-14
0.2887	3.51E-14
0.289	3.17E-14
0.2892	3.2E-14
0.2895	3.28E-14
0.2898	3.77E-14
0.29	4.07E-14
0.2903	4.16E-14
0.291	4.36E-14
0.293	4.01E-14
0.295	3.96E-14
0.297	4.26E-14
0.299	4.35E-14
0.301	4.58E-14
0.303	4.5E-14
0.305	4.64E-14
0.307	4.69E-14
0.309	4.78E-14
0.311	4.75E-14
0.313	4.71E-14
0.315	4.68E-14
0.317	4.86E-14
0.319	4.38E-14
0.321	4.75E-14
0.323	4.21E-14
0.325	4.83E-14
0.327	5.23E-14
0.329	5.13E-14
0.331	5.28E-14
0.333	5.23E-14
0.335	5.23E-14
0.337	4.81E-14
0.339	5.05E-14
0.341	5.02E-14
0.343	5.04E-14
0.345	5.18E-14
0.347	5.18E-14
0.349	5.33E-14
0.351	5.44E-14
0.353	5.23E-14
0.355	5.74E-14
0.357	5.13E-14
0.359	5.03E-14
0.361	5.18E-14
0.363	5.18E-14
0.364	5.28E-14
0.365	5.74E-14
0.367	5.54E-14
0.369	5.18E-14
0.371	5.59E-14
0.373	5.28E-14
0.375	5.85E-14
0.377	6.31E-14
0.379	6.87E-14
0.381	7.44E-14
0.383	5.79E-14
0.385	7.64E-14
0.387	7.95E-14
0.389	6.56E-14
0.391	7.79E-14
0.393	4.6E-14
0.395	6.87E-14
0.397	4.78E-14
0.399	8.21E-14
0.401	8.67E-14
0.403	8.77E-14
0.405	8.62E-14
0.407	8.46E-14
0.409	8.36E-14
0.411	7.44E-14
0.413	8.72E-14
0.415	8.97E-14
0.417	8.92E-14
0.419	8.82E-14
0.421	8.77E-14
0.423	8.51E-14
0.425	8.67E-14
0.427	8.41E-14
0.429	8.21E-14
0.431	7.49E-14
0.433	7.9E-14
0.435	7.23E-14
0.437	8.77E-14
0.439	8.46E-14
0.441	8.56E-14
0.443	8.51E-14
0.445	8.51E-14
0.447	8.67E-14
0.449	8.56E-14
0.451	9.08E-14
0.453	8.51E-14
0.455	8.56E-14
0.457	8.92E-14
0.459	8.51E-14
0.461	8.67E-14
0.463	8.51E-14
0.465	8.56E-14
0.467	8.67E-14
0.469	8.51E-14
0.471	8.15E-14
0.473	8.51E-14
0.475	8.56E-14
0.477	8.46E-14
0.479	8.41E-14
0.481	8.31E-14
0.483	8.31E-14
0.485	7.49E-14
0.487	6.41E-14
0.489	7.9E-14
0.491	7.95E-14
0.493	7.85E-14
0.495	8E-14
0.497	8.1E-14
0.499	7.64E-14
0.501	7.44E-14
0.503	7.74E-14
0.505	7.69E-14
0.507	7.85E-14
0.509	7.69E-14
0.511	7.74E-14
0.513	7.54E-14
0.515	7.38E-14
0.517	7.13E-14
0.519	7.08E-14
0.521	7.28E-14
0.523	7.33E-14
0.525	7.44E-14
0.527	6.87E-14
0.529	7.28E-14
0.531	7.33E-14
0.533	6.97E-14
0.535	7.23E-14
0.537	7.18E-14
0.539	7.13E-14
0.541	6.92E-14
0.543	7.03E-14
0.545	7.08E-14
0.547	6.97E-14
0.549	7.03E-14
0.551	6.97E-14
0.553	6.92E-14
0.555	6.92E-14
0.557	6.77E-14
0.559	6.72E-14
0.561	6.77E-14
0.563	6.77E-14
0.565	6.77E-14
0.567	6.62E-14
0.569	6.67E-14
0.571	6.56E-14
0.573	6.77E-14
0.575	6.62E-14
0.577	6.62E-14
0.579	6.51E-14
0.581	6.56E-14
0.583	6.56E-14
0.585	6.46E-14
0.587	6.41E-14
0.589	6.26E-14
0.591	6.36E-14
0.593	6.31E-14
0.595	6.31E-14
0.597	6.26E-14
0.599	6.21E-14
0.601	6.1E-14
0.603	6.1E-14
0.605	6.15E-14
0.607	6.1E-14
0.609	6E-14
0.611	5.95E-14
0.613	5.79E-14
0.615	5.79E-14
0.617	5.74E-14
0.619	5.85E-14
0.621	5.85E-14
0.623	5.74E-14
0.625	5.59E-14
0.627	5.74E-14
0.629	5.69E-14
0.631	5.59E-14
0.633	5.59E-14
0.635	5.54E-14
0.637	5.54E-14
0.639	5.54E-14
0.641	5.38E-14
0.643	5.38E-14
0.645	5.33E-14
0.647	5.33E-14
0.649	5.23E-14
0.651	5.28E-14
0.653	5.18E-14
0.655	4.79E-14
0.657	3.97E-14
0.659	5E-14
0.661	5.13E-14
0.663	5.13E-14
0.665	5.11E-14
0.667	5.06E-14
0.669	5.08E-14
0.671	5.02E-14
0.673	5.02E-14
0.675	4.96E-14
0.677	4.95E-14
0.679	4.92E-14
0.681	4.88E-14
0.683	4.86E-14
0.685	4.79E-14
0.687	4.81E-14
0.689	4.78E-14
0.691	4.75E-14
0.693	4.72E-14
0.695	4.7E-14
0.697	4.67E-14
0.699	4.65E-14
0.701	4.55E-14
0.703	4.57E-14
0.705	4.56E-14
0.707	4.53E-14
0.709	4.5E-14
0.711	4.44E-14
0.713	4.42E-14
0.715	4.39E-14
0.717	4.36E-14
0.719	4.3E-14
0.721	4.32E-14
0.723	4.29E-14
0.725	4.28E-14
0.727	4.27E-14
0.729	4.18E-14
0.731	4.19E-14
0.733	4.17E-14
0.735	4.17E-14
0.737	4.15E-14
0.739	4.08E-14
0.741	4E-14
0.743	4.03E-14
0.745	4.03E-14
0.747	4.01E-14
0.749	3.98E-14
0.751	3.96E-14
0.753	3.95E-14
0.755	3.95E-14
0.757	3.91E-14
0.759	3.89E-14
0.761	3.86E-14
0.763	3.85E-14
0.765	3.82E-14
0.767	3.75E-14
0.769	3.77E-14
0.771	3.73E-14
0.773	3.73E-14
0.775	3.69E-14
0.777	3.65E-14
0.779	3.69E-14
0.781	3.66E-14
0.783	3.62E-14
0.785	3.58E-14
0.787	3.59E-14
0.789	3.57E-14
0.791	3.54E-14
0.793	3.49E-14
0.795	3.48E-14
0.797	3.5E-14
0.799	3.48E-14
0.801	3.44E-14
0.803	3.43E-14
0.805	3.4E-14
0.807	3.4E-14
0.809	3.36E-14
0.811	3.36E-14
0.813	3.35E-14
0.815	3.33E-14
0.817	3.31E-14
0.819	3.23E-14
0.821	3.23E-14
0.823	3.21E-14
0.825	3.21E-14
0.827	3.22E-14
0.829	3.2E-14
0.831	3.16E-14
0.833	3.11E-14
0.835	3.13E-14
0.837	3.12E-14
0.839	3.07E-14
0.841	3.08E-14
0.843	3.04E-14
0.845	3.01E-14
0.847	2.98E-14
0.849	2.99E-14
0.851	2.86E-14
0.853	2.98E-14
0.855	2.75E-14
0.857	2.98E-14
0.859	2.88E-14
0.861	2.85E-14
0.863	2.93E-14
0.865	2.89E-14
0.867	2.6E-14
0.869	2.83E-14
0.871	2.87E-14
0.873	2.83E-14
0.875	2.63E-14
0.877	2.79E-14
0.879	2.82E-14
0.881	2.78E-14
0.883	2.76E-14
0.885	2.69E-14
0.887	2.51E-14
0.889	2.73E-14
0.891	2.73E-14
0.893	2.7E-14
0.895	2.71E-14
0.897	2.69E-14
0.899	2.66E-14
0.901	2.41E-14
0.903	2.54E-14
0.905	2.64E-14
0.907	2.58E-14
0.909	2.53E-14
0.911	2.57E-14
0.913	2.59E-14
0.915	2.58E-14
0.917	2.56E-14
0.919	2.55E-14
0.921	2.47E-14
0.923	2.22E-14
0.925	2.42E-14
0.927	2.46E-14
0.929	2.49E-14
0.931	2.48E-14
0.933	2.46E-14
0.935	2.45E-14
0.937	2.44E-14
0.939	2.43E-14
0.941	2.33E-14
0.943	2.39E-14
0.945	2.37E-14
0.947	2.37E-14
0.949	2.36E-14
0.951	2.34E-14
0.953	2.28E-14
0.955	2.04E-14
0.957	2.26E-14
0.959	2.29E-14
0.961	2.27E-14
0.963	2.25E-14
0.965	2.25E-14
0.967	2.23E-14
0.969	2.23E-14
0.971	2.24E-14
0.973	2.23E-14
0.975	2.19E-14
0.977	2.19E-14
0.979	2.18E-14
0.981	2.17E-14
0.983	2.16E-14
0.985	2.15E-14
0.987	2.13E-14
0.989	2.12E-14
0.991	2.11E-14
0.993	2.11E-14
0.995	2.1E-14
0.997	2.09E-14
0.999	2.08E-14
1.0025	2.01E-14
1.0075	1.93E-14
1.0125	2E-14
1.0175	1.97E-14
1.0225	1.96E-14
1.0275	1.94E-14
1.0325	1.91E-14
1.0375	1.89E-14
1.0425	1.87E-14
1.0475	1.83E-14
1.0525	1.82E-14
1.0575	1.79E-14
1.0625	1.77E-14
1.0675	1.72E-14
1.0725	1.72E-14
1.0775	1.7E-14
1.0825	1.67E-14
1.0875	1.65E-14
1.0925	1.53E-14
1.0975	1.58E-14
1.1025	1.61E-14
1.1075	1.59E-14
1.1125	1.57E-14
1.1175	1.55E-14
1.1225	1.54E-14
1.1275	1.5E-14
1.1325	1.49E-14
1.1375	1.48E-14
1.1425	1.45E-14
1.1475	1.45E-14
1.1525	1.44E-14
1.1575	1.42E-14
1.1625	1.38E-14
1.1675	1.36E-14
1.1725	1.37E-14
1.1775	1.33E-14
1.1825	1.32E-14
1.1875	1.3E-14
1.1925	1.31E-14
1.1975	1.28E-14
1.2025	1.28E-14
1.2075	1.26E-14
1.2125	1.25E-14
1.2175	1.24E-14
1.2225	1.23E-14
1.2275	1.21E-14
1.2325	1.2E-14
1.2375	1.18E-14
1.2425	1.17E-14
1.2475	1.16E-14
1.2525	1.14E-14
1.2575	1.13E-14
1.2625	1.12E-14
1.2675	1.11E-14
1.2725	1.1E-14
1.2775	1.07E-14
1.2825	9.64E-15
1.2875	1.05E-14
1.2925	1.05E-14
1.2975	1.04E-14
1.3025	1.03E-14
1.3075	1.02E-14
1.3125	1.01E-14
1.3175	9.95E-15
1.3225	9.9E-15
1.3275	9.74E-15
1.3325	9.69E-15
1.3375	9.59E-15
1.3425	9.49E-15
1.3475	9.38E-15
1.3525	9.28E-15
1.3575	9.13E-15
1.3625	9.08E-15
1.3675	8.97E-15
1.3725	8.82E-15
1.3775	8.77E-15
1.3825	8.72E-15
1.3875	8.67E-15
1.3925	8.56E-15
1.3975	8.46E-15
1.4025	8.36E-15
1.4075	8.31E-15
1.4125	8.15E-15
1.4175	8.15E-15
1.4225	8E-15
1.4275	7.9E-15
1.4325	7.9E-15
1.4375	7.85E-15
1.4425	7.54E-15
1.4475	7.64E-15
1.4525	7.49E-15
1.457	7.49E-15
1.462	7.44E-15
1.4675	7.44E-15
1.4725	7.33E-15
1.4775	7.23E-15
1.4825	7.18E-15
1.4875	7.03E-15
1.4925	7.03E-15
1.4975	6.92E-15
1.5025	6.77E-15
1.5075	6.72E-15
1.5125	6.72E-15
1.5175	6.67E-15
1.5225	6.51E-15
1.5275	6.51E-15
1.5325	6.41E-15
1.5375	6.36E-15
1.5425	6.26E-15
1.5475	6.26E-15
1.5525	6.15E-15
1.5575	6.05E-15
1.5625	6.1E-15
1.5675	5.95E-15
1.5725	5.85E-15
1.5775	5.85E-15
1.5825	5.79E-15
1.5875	5.54E-15
1.5925	5.69E-15
1.5975	5.69E-15
1.605	5.59E-15
1.615	5.38E-15
1.625	5.44E-15
1.635	5.23E-15
1.645	5.01E-15
1.655	5.12E-15
1.665	5.02E-15
1.675	4.8E-15
1.685	4.57E-15
1.695	4.72E-15
1.705	4.61E-15
1.715	4.53E-15
1.725	4.38E-15
1.735	4.04E-15
1.745	4.18E-15
1.755	4.15E-15
1.765	4.07E-15
1.775	4E-15
1.785	3.92E-15
1.795	3.86E-15
1.805	3.75E-15
1.815	3.46E-15
1.825	3.55E-15
1.835	3.55E-15
1.845	3.47E-15
1.855	3.41E-15
1.865	3.32E-15
1.875	3.02E-15
1.885	3.19E-15
1.895	3.12E-15
1.905	3.12E-15
1.915	3.05E-15
1.925	2.99E-15
1.935	2.91E-15
1.945	2.67E-15
1.955	2.82E-15
1.965	2.78E-15
1.975	2.72E-15
1.985	2.69E-15
1.995	2.64E-15
2.005	2.59E-15
2.015	2.55E-15
2.025	2.5E-15
2.035	2.45E-15
2.045	2.42E-15
2.055	2.38E-15
2.065	2.32E-15
2.075	2.29E-15
2.085	2.25E-15
2.095	2.21E-15
2.105	2.17E-15
2.115	2.13E-15
2.125	2.1E-15
2.135	2.07E-15
2.145	2.03E-15
2.155	1.99E-15
2.165	1.82E-15
2.175	1.91E-15
2.185	1.89E-15
2.195	1.87E-15
2.205	1.83E-15
2.215	1.81E-15
2.225	1.78E-15
2.235	1.75E-15
2.245	1.72E-15
2.255	1.69E-15
2.265	1.66E-15
2.275	1.64E-15
2.285	1.61E-15
2.295	1.59E-15
2.305	1.57E-15
2.315	1.54E-15
2.325	1.52E-15
2.335	1.49E-15
2.345	1.47E-15
2.355	1.45E-15
2.365	1.43E-15
2.375	1.4E-15
2.385	1.37E-15
2.395	1.35E-15
2.405	1.33E-15
2.415	1.31E-15
2.425	1.29E-15
2.435	1.27E-15
2.445	1.25E-15
2.455	1.23E-15
2.465	1.22E-15
2.475	1.19E-15
2.485	1.17E-15
2.495	1.15E-15
2.505	1.15E-15
2.515	1.13E-15
2.525	1.11E-15
2.535	1.09E-15
2.545	1.08E-15
2.555	1.06E-15
2.565	1.04E-15
2.575	1.03E-15
2.585	1.02E-15
2.595	1.01E-15
2.605	9.85E-16
2.615	9.59E-16
2.625	8.92E-16
2.635	9.38E-16
2.645	9.33E-16
2.655	9.23E-16
2.665	9.03E-16
2.675	8.77E-16
2.685	8.82E-16
2.695	8.77E-16
2.705	8.62E-16
2.715	8.51E-16
2.725	8.41E-16
2.735	8.26E-16
2.745	8.15E-16
2.755	7.85E-16
2.765	7.85E-16
2.775	7.85E-16
2.785	7.74E-16
2.795	7.64E-16
2.805	7.54E-16
2.815	7.44E-16
2.825	7.33E-16
2.835	7.23E-16
2.845	7.13E-16
2.855	7.03E-16
2.865	6.87E-16
2.875	6.62E-16
2.885	6.72E-16
2.895	6.67E-16
2.905	6.62E-16
2.915	6.51E-16
2.925	6.41E-16
2.935	6.36E-16
2.945	6.26E-16
2.955	6.21E-16
2.965	6.1E-16
2.975	6.05E-16
2.985	5.95E-16
2.995	5.85E-16
3.005	5.79E-16
3.015	5.74E-16
3.025	5.64E-16
3.035	5.38E-16
3.045	5.38E-16
3.055	5.44E-16
3.065	5.38E-16
3.075	5.33E-16
3.085	5.23E-16
3.095	5.18E-16
3.105	5.12E-16
3.115	5.03E-16
3.125	4.99E-16
3.135	4.94E-16
3.145	4.88E-16
3.155	4.81E-16
3.165	4.76E-16
3.175	4.7E-16
3.185	4.65E-16
3.195	4.6E-16
3.21	4.51E-16
3.23	4.41E-16
3.25	4.31E-16
3.27	4.2E-16
3.29	3.97E-16
3.31	3.99E-16
3.33	3.92E-16
3.35	3.84E-16
3.37	3.74E-16
3.39	3.66E-16
3.41	3.57E-16
3.43	3.5E-16
3.45	3.43E-16
3.47	3.35E-16
3.49	3.28E-16
3.51	3.21E-16
3.53	3.14E-16
3.55	3.07E-16
3.57	3E-16
3.59	2.94E-16
3.61	2.88E-16
3.63	2.82E-16
3.65	2.75E-16
3.67	2.7E-16
3.69	2.63E-16
3.71	2.58E-16
3.73	2.5E-16
3.75	2.42E-16
3.77	2.43E-16
3.79	2.38E-16
3.81	2.33E-16
3.83	2.29E-16
3.85	2.25E-16
3.87	2.2E-16
3.89	2.16E-16
3.91	2.11E-16
3.93	2.08E-16
3.95	2.04E-16
3.97	2E-16
3.99	1.95E-16
4.01	1.91E-16
4.03	1.87E-16
4.05	1.79E-16
4.07	1.81E-16
4.09	1.78E-16
4.11	1.75E-16
4.13	1.72E-16
4.15	1.68E-16
4.17	1.64E-16
4.19	1.62E-16
4.21	1.59E-16
4.23	1.56E-16
4.25	1.53E-16
4.27	1.51E-16
4.29	1.48E-16
4.31	1.46E-16
4.33	1.43E-16
4.35	1.4E-16
4.37	1.36E-16
4.39	1.35E-16
4.41	1.32E-16
4.43	1.3E-16
4.45	1.28E-16
4.47	1.26E-16
4.49	1.24E-16
4.51	1.22E-16
4.53	1.19E-16
4.55	1.17E-16
4.57	1.15E-16
4.59	1.13E-16
4.61	1.12E-16
4.63	1.1E-16
4.65	1.05E-16
4.67	1.04E-16
4.69	1.05E-16
4.71	1.03E-16
4.73	1.02E-16
4.75	9.95E-17
4.77	9.79E-17
4.79	9.64E-17
4.81	9.49E-17
4.83	9.33E-17
4.85	9.18E-17
4.87	9.03E-17
4.89	8.92E-17
4.91	8.77E-17
4.93	8.62E-17
4.95	8.46E-17
4.97	8.36E-17
4.99	8.21E-17
5.01	8.1E-17
5.03	7.95E-17
5.05	7.85E-17
5.07	7.74E-17
5.09	7.59E-17
5.11	7.49E-17
5.13	7.23E-17
5.15	7.28E-17
5.17	7.18E-17
5.19	7.08E-17
5.21	6.92E-17
5.23	6.82E-17
5.25	6.77E-17
5.27	6.67E-17
5.29	6.56E-17
5.31	6.46E-17
5.33	6.36E-17
5.35	6.26E-17
5.37	6.15E-17
5.39	6.1E-17
5.41	6E-17
5.43	5.9E-17
5.45	5.85E-17
5.47	5.74E-17
5.49	5.64E-17
5.51	5.59E-17
5.53	5.49E-17
5.55	5.44E-17
5.57	5.33E-17
5.59	5.28E-17
5.61	5.23E-17
5.63	5.13E-17
5.65	5.07E-17
5.67	5E-17
5.69	4.93E-17
5.71	4.86E-17
5.73	4.8E-17
5.75	4.73E-17
5.77	4.67E-17
5.79	4.61E-17
5.81	4.54E-17
5.83	4.48E-17
5.85	4.43E-17
5.87	4.36E-17
5.89	4.29E-17
5.91	4.15E-17
5.93	4.19E-17
5.95	4.13E-17
5.97	4.09E-17
5.99	4.03E-17
6.01	3.98E-17
6.03	3.93E-17
6.05	3.88E-17
6.07	3.83E-17
6.09	3.78E-17
6.11	3.72E-17
6.13	3.68E-17
6.15	3.64E-17
6.17	3.59E-17
6.19	3.55E-17
6.21	3.5E-17
6.23	3.45E-17
6.25	3.42E-17
6.27	3.37E-17
6.29	3.33E-17
6.31	3.29E-17
6.33	3.25E-17
6.35	3.21E-17
6.37	3.17E-17
6.39	3.13E-17
6.42	3.07E-17
6.46	3E-17
6.5	2.93E-17
6.54	2.86E-17
6.58	2.79E-17
6.62	2.72E-17
6.66	2.66E-17
6.7	2.6E-17
6.74	2.54E-17
6.78	2.48E-17
6.82	2.43E-17
6.86	2.37E-17
6.9	2.31E-17
6.94	2.26E-17
6.98	2.22E-17
7.02	2.16E-17
7.06	2.12E-17
7.1	2.07E-17
7.14	2.03E-17
7.18	1.98E-17
7.22	1.94E-17
7.26	1.9E-17
7.3	1.86E-17
7.34	1.82E-17
7.38	1.78E-17
7.42	1.74E-17
7.46	1.68E-17
7.5	1.65E-17
7.54	1.63E-17
7.58	1.6E-17
7.62	1.57E-17
7.66	1.53E-17
7.7	1.5E-17
7.74	1.47E-17
7.78	1.45E-17
7.82	1.42E-17
7.86	1.39E-17
7.9	1.36E-17
7.94	1.33E-17
7.98	1.31E-17
8.02	1.28E-17
8.06	1.26E-17
8.1	1.23E-17
8.14	1.21E-17
8.18	1.18E-17
8.22	1.16E-17
8.26	1.14E-17
8.3	1.12E-17
8.34	1.1E-17
8.38	1.08E-17
8.42	1.06E-17
8.46	1.04E-17
8.5	1.02E-17
8.54	1E-17
8.58	9.85E-18
8.62	9.64E-18
8.66	9.49E-18
8.7	9.28E-18
8.74	9.13E-18
8.78	8.97E-18
8.82	8.82E-18
8.86	8.67E-18
8.9	8.51E-18
8.94	8.36E-18
8.98	8.21E-18
9.02	8.05E-18
9.06	7.95E-18
9.1	7.79E-18
9.14	7.64E-18
9.18	7.54E-18
9.22	7.38E-18
9.26	7.28E-18
9.3	7.13E-18
9.34	7.03E-18
9.38	6.92E-18
9.42	6.82E-18
9.46	6.67E-18
9.5	6.56E-18
9.54	6.46E-18
9.58	6.36E-18
9.62	6.26E-18
9.66	6.15E-18
9.7	6.05E-18
9.74	5.95E-18
9.78	5.85E-18
9.82	5.74E-18
9.86	5.69E-18
9.9	5.59E-18
9.94	5.49E-18
9.98	5.44E-18
10.02	5.33E-18
20	3.43E-19
40	2.14E-20
60	4.21E-21
80	1.32E-21
100	5.38E-22
120	2.58E-22
140	1.39E-22
160	8.1E-23
